%FrameNumber	Time	X	Y	Z	Rx	Ry  Rz	
0	50.00	7.73348139	 0.0	2.15288270	185.49948417	9.43522553	 0.0
1	50.01	7.73335639	 0.0	2.15298678	188.47164413	9.43552126	 0.0
2	50.02	7.73322733	 0.0	2.15309046	191.44366079	9.43561290	 0.0
3	50.03	7.73309402	 0.0	2.15319350	194.41559552	9.43549453	 0.0
4	50.04	7.73295631	 0.0	2.15329565	197.38740861	9.43516084	 0.0
5	50.05	7.73281403	 0.0	2.15339666	200.35916608	9.43460660	 0.0
6	50.06	7.73266702	 0.0	2.15349629	203.33112179	9.43382730	 0.0
7	50.07	7.73251513	 0.0	2.15359428	206.30327266	9.43281885	 0.0
8	50.08	7.73235823	 0.0	2.15369038	209.27592972	9.43157745	 0.0
9	50.09	7.73219617	 0.0	2.15378435	212.24899578	9.43009985	 0.0
10	50.10	7.73202883	 0.0	2.15387595	215.22245102	9.42838319	 0.0
11	50.11	7.73185607	 0.0	2.15396492	218.19643870	9.42642498	 0.0
12	50.12	7.73167778	 0.0	2.15405104	221.17105632	9.42422335	 0.0
13	50.13	7.73149386	 0.0	2.15413406	224.14638936	9.42177693	 0.0
14	50.14	7.73130419	 0.0	2.15421375	227.12256370	9.41908482	 0.0
15	50.15	7.73110875	 0.0	2.15428989	230.10167030	9.41614784	 0.0
16	50.16	7.73090762	 0.0	2.15436226	233.08374736	9.41297013	 0.0
17	50.17	7.73070072	 0.0	2.15443065	236.06689223	9.40955195	 0.0
18	50.18	7.73048796	 0.0	2.15449482	239.05120309	9.40589391	 0.0
19	50.19	7.73026924	 0.0	2.15455458	242.03674272	9.40199662	 0.0
20	50.20	7.73004448	 0.0	2.15460973	245.02371321	9.39786141	 0.0
21	50.21	7.72981361	 0.0	2.15466008	248.01227286	9.39349010	 0.0
22	50.22	7.72957656	 0.0	2.15470543	251.00227625	9.38888496	 0.0
23	50.23	7.72933326	 0.0	2.15474562	253.99372879	9.38404783	 0.0
24	50.24	7.72908357	 0.0	2.15478048	256.98664260	9.37898009	 0.0
25	50.25	7.72882737	 0.0	2.15480984	259.98110756	9.37368273	 0.0
26	50.26	7.72856446	 0.0	2.15483354	262.97712889	9.36815638	 0.0
27	50.27	7.72829466	 0.0	2.15485145	265.97486725	9.36240168	 0.0
28	50.28	7.72801779	 0.0	2.15486343	268.97446055	9.35641984	 0.0
29	50.29	7.72773375	 0.0	2.15486935	271.97590357	9.35021462	 0.0
30	50.30	7.72744261	 0.0	2.15486912	274.97902364	9.34379354	 0.0
31	50.31	7.72714459	 0.0	2.15486262	277.98364439	9.33716794	 0.0
32	50.32	7.72684002	 0.0	2.15484978	280.98970955	9.33035123	 0.0
33	50.33	7.72652923	 0.0	2.15483052	283.99702317	9.32335714	 0.0
34	50.34	7.72621250	 0.0	2.15480478	287.00558314	9.31619854	 0.0
35	50.35	7.72589008	 0.0	2.15477251	290.01518953	9.30888798	 0.0
36	50.36	7.72556222	 0.0	2.15473367	293.02583067	9.30143747	 0.0
37	50.37	7.72522913	 0.0	2.15468823	296.03786251	9.29385897	 0.0
38	50.38	7.72489104	 0.0	2.15463619	299.05127204	9.28616461	 0.0
39	50.39	7.72454821	 0.0	2.15457755	302.06590688	9.27836750	 0.0
40	50.40	7.72420086	 0.0	2.15451233	305.08157899	9.27047984	 0.0
41	50.41	7.72384922	 0.0	2.15444058	308.09822922	9.26251372	 0.0
42	50.42	7.72349347	 0.0	2.15436233	311.11578319	9.25448064	 0.0
43	50.43	7.72313381	 0.0	2.15427765	314.13428992	9.24639252	 0.0
44	50.44	7.72277045	 0.0	2.15418662	317.15371932	9.23826188	 0.0
45	50.45	7.72240348	 0.0	2.15408931	320.17004859	9.23009786	 0.0
46	50.46	7.72203309	 0.0	2.15398585	323.18708559	9.22191256	 0.0
47	50.47	7.72165957	 0.0	2.15387635	326.20475721	9.21371961	 0.0
48	50.48	7.72128320	 0.0	2.15376096	329.22311860	9.20553276	 0.0
49	50.49	7.72090424	 0.0	2.15363983	332.24196425	9.19736548	 0.0
50	50.50	7.72052297	 0.0	2.15351312	335.26124343	9.18923113	 0.0
51	50.51	7.72013963	 0.0	2.15338100	338.28084547	9.18114287	 0.0
52	50.52	7.71975450	 0.0	2.15324367	341.30095332	9.17311424	 0.0
53	50.53	7.71936788	 0.0	2.15310132	344.32127515	9.16515890	 0.0
54	50.54	7.71898005	 0.0	2.15295417	347.34180990	9.15729062	 0.0
55	50.55	7.71859132	 0.0	2.15280247	350.36254873	9.14952338	 0.0
56	50.56	7.71820202	 0.0	2.15264644	353.38321086	9.14187105	 0.0
57	50.57	7.71781244	 0.0	2.15248636	356.40352560	9.13434699	 0.0
58	50.58	7.71742288	 0.0	2.15232249	359.42381916	9.12696423	 0.0
59	50.59	7.71703360	 0.0	2.15215510	2.44384377	9.11973522	 0.0
60	50.60	7.71664487	 0.0	2.15198448	5.46366152	9.11267184	 0.0
61	50.61	7.71625695	 0.0	2.15181093	8.48312223	9.10578607	 0.0
62	50.62	7.71587008	 0.0	2.15163476	11.50178342	9.09908938	 0.0
63	50.63	7.71548447	 0.0	2.15145628	14.51804688	9.09259130	 0.0
64	50.64	7.71510009	 0.0	2.15127581	17.53096293	9.08629678	 0.0
65	50.65	7.71471709	 0.0	2.15109370	20.54239922	9.08021361	 0.0
66	50.66	7.71433555	 0.0	2.15091028	23.55238901	9.07434833	 0.0
67	50.67	7.71395553	 0.0	2.15072590	26.56069650	9.06870622	 0.0
68	50.68	7.71357705	 0.0	2.15054091	29.56746081	9.06329210	 0.0
69	50.69	7.71320024	 0.0	2.15035566	32.57284673	9.05811274	 0.0
70	50.70	7.71282537	 0.0	2.15017051	35.57686025	9.05317850	 0.0
71	50.71	7.71245292	 0.0	2.14998584	38.57946465	9.04850315	 0.0
72	50.72	7.71208341	 0.0	2.14980202	41.58017617	9.04410114	 0.0
73	50.73	7.71171731	 0.0	2.14961942	44.57878822	9.03998546	 0.0
74	50.74	7.71135506	 0.0	2.14943841	47.57536604	9.03616771	 0.0
75	50.75	7.71099704	 0.0	2.14925938	50.56981646	9.03265850	 0.0
76	50.76	7.71064362	 0.0	2.14908268	53.56221052	9.02946666	 0.0
77	50.77	7.71029509	 0.0	2.14890868	56.55290735	9.02659983	 0.0
78	50.78	7.70995175	 0.0	2.14873777	59.54179866	9.02406476	 0.0
79	50.79	7.70961386	 0.0	2.14857030	62.52850863	9.02186710	 0.0
80	50.80	7.70928165	 0.0	2.14840665	65.51246970	9.02001158	 0.0
81	50.81	7.70895517	 0.0	2.14824716	68.49095033	9.01849794	 0.0
82	50.82	7.70863455	 0.0	2.14809218	71.46593838	9.01732732	 0.0
83	50.83	7.70831992	 0.0	2.14794206	74.43764393	9.01650087	 0.0
84	50.84	7.70801145	 0.0	2.14779714	77.40618160	9.01601944	 0.0
85	50.85	7.70770926	 0.0	2.14765774	80.37167613	9.01588334	 0.0
86	50.86	7.70741347	 0.0	2.14752418	83.33416737	9.01609192	 0.0
87	50.87	7.70712421	 0.0	2.14739676	86.29381156	9.01664392	 0.0
88	50.88	7.70684157	 0.0	2.14727579	89.25047771	9.01753781	 0.0
89	50.89	7.70656568	 0.0	2.14716155	92.20414004	9.01877131	 0.0
90	50.90	7.70629664	 0.0	2.14705433	95.15478633	9.02034191	 0.0
91	50.91	7.70603455	 0.0	2.14695438	98.10234332	9.02224628	 0.0
92	50.92	7.70577950	 0.0	2.14686197	101.04679510	9.02448042	 0.0
93	50.93	7.70553156	 0.0	2.14677732	103.98805008	9.02703942	 0.0
94	50.94	7.70529075	 0.0	2.14670066	106.92615673	9.02991704	 0.0
95	50.95	7.70505711	 0.0	2.14663220	109.86124467	9.03310646	 0.0
96	50.96	7.70483063	 0.0	2.14657214	112.79351205	9.03660045	 0.0
97	50.97	7.70461134	 0.0	2.14652066	115.72272659	9.04039121	 0.0
98	50.98	7.70439923	 0.0	2.14647795	118.64875732	9.04447004	 0.0
99	50.99	7.70419422	 0.0	2.14644416	121.57147643	9.04882661	 0.0
100	51.00	7.70399623	 0.0	2.14641941	124.49099989	9.05344967	 0.0
101	51.01	7.70380515	 0.0	2.14640381	127.40724372	9.05832725	 0.0
102	51.02	7.70362085	 0.0	2.14639746	130.32003894	9.06344669	 0.0
103	51.03	7.70344315	 0.0	2.14640043	133.22936859	9.06879424	 0.0
104	51.04	7.70327186	 0.0	2.14641280	136.13512583	9.07435440	 0.0
105	51.05	7.70310666	 0.0	2.14643461	139.03727309	9.08011006	 0.0
106	51.06	7.70294726	 0.0	2.14646592	141.93583373	9.08604296	 0.0
107	51.07	7.70279325	 0.0	2.14650673	144.83095276	9.09213341	 0.0
108	51.08	7.70264422	 0.0	2.14655703	147.72267013	9.09836079	 0.0
109	51.09	7.70249978	 0.0	2.14661679	150.61104692	9.10470549	 0.0
110	51.10	7.70235963	 0.0	2.14668596	153.49602140	9.11114955	 0.0
111	51.11	7.70222358	 0.0	2.14676448	156.37747446	9.11767753	 0.0
112	51.12	7.70209152	 0.0	2.14685225	159.25533265	9.12427559	 0.0
113	51.13	7.70196336	 0.0	2.14694916	162.12963438	9.13093037	 0.0
114	51.14	7.70183895	 0.0	2.14705508	165.00030928	9.13762700	 0.0
115	51.15	7.70171810	 0.0	2.14716988	167.86755536	9.14434940	 0.0
116	51.16	7.70160057	 0.0	2.14729339	170.73146506	9.15108063	 0.0
117	51.17	7.70148607	 0.0	2.14742544	173.59237844	9.15780272	 0.0
118	51.18	7.70137427	 0.0	2.14756581	176.45039906	9.16449709	 0.0
119	51.19	7.70126482	 0.0	2.14771430	179.30560238	9.17114476	 0.0
120	51.20	7.70115738	 0.0	2.14787065	182.15782657	9.17772630	 0.0
121	51.21	7.70105155	 0.0	2.14803461	185.00720359	9.18422176	 0.0
122	51.22	7.70094694	 0.0	2.14820589	187.85415053	9.19061157	 0.0
123	51.23	7.70084317	 0.0	2.14838420	190.69864533	9.19687597	 0.0
124	51.24	7.70073982	 0.0	2.14856923	193.54086191	9.20299499	 0.0
125	51.25	7.70063647	 0.0	2.14876064	196.38111435	9.20894913	 0.0
126	51.26	7.70053273	 0.0	2.14895809	199.21945993	9.21471954	 0.0
127	51.27	7.70042819	 0.0	2.14916123	202.05614527	9.22028698	 0.0
128	51.28	7.70032243	 0.0	2.14936968	204.89161214	9.22563273	 0.0
129	51.29	7.70021504	 0.0	2.14958303	207.72598898	9.23073826	 0.0
130	51.30	7.70010561	 0.0	2.14980089	210.55965361	9.23558542	 0.0
131	51.31	7.69999372	 0.0	2.15002283	213.39391362	9.24015683	 0.0
132	51.32	7.69987917	 0.0	2.15024843	216.23063658	9.24443943	 0.0
133	51.33	7.69976159	 0.0	2.15047723	219.06793869	9.24841729	 0.0
134	51.34	7.69964060	 0.0	2.15070878	221.90573860	9.25207489	 0.0
135	51.35	7.69951583	 0.0	2.15094261	224.74395551	9.25539671	 0.0
136	51.36	7.69938691	 0.0	2.15117824	227.58273793	9.25836783	 0.0
137	51.37	7.69925347	 0.0	2.15141520	230.42204500	9.26097381	 0.0
138	51.38	7.69911516	 0.0	2.15165297	233.26215136	9.26320076	 0.0
139	51.39	7.69897161	 0.0	2.15189106	236.10329092	9.26503589	 0.0
140	51.40	7.69882250	 0.0	2.15212897	238.94560652	9.26646684	 0.0
141	51.41	7.69866749	 0.0	2.15236619	241.78923445	9.26748187	 0.0
142	51.42	7.69850622	 0.0	2.15260220	244.63427257	9.26806958	 0.0
143	51.43	7.69833839	 0.0	2.15283649	247.48094962	9.26821978	 0.0
144	51.44	7.69816366	 0.0	2.15306854	250.32937213	9.26792282	 0.0
145	51.45	7.69798173	 0.0	2.15329781	253.17954809	9.26716953	 0.0
146	51.46	7.69779225	 0.0	2.15352378	256.03177204	9.26595067	 0.0
147	51.47	7.69759487	 0.0	2.15374592	258.88616025	9.26425742	 0.0
148	51.48	7.69738923	 0.0	2.15396371	261.74289492	9.26208161	 0.0
149	51.49	7.69717496	 0.0	2.15417663	264.60216331	9.25941560	 0.0
150	51.50	7.69695171	 0.0	2.15438416	267.46419410	9.25625246	 0.0
151	51.51	7.69671917	 0.0	2.15458579	270.32916721	9.25258703	 0.0
152	51.52	7.69647710	 0.0	2.15478102	273.19700643	9.24841708	 0.0
153	51.53	7.69622545	 0.0	2.15496936	276.06770941	9.24374468	 0.0
154	51.54	7.69596430	 0.0	2.15515031	278.94146230	9.23857523	 0.0
155	51.55	7.69569374	 0.0	2.15532340	281.81794284	9.23291532	 0.0
156	51.56	7.69541385	 0.0	2.15548817	284.69806164	9.22677168	 0.0
157	51.57	7.69512485	 0.0	2.15564416	287.58342880	9.22015454	 0.0
158	51.58	7.69482676	 0.0	2.15579093	290.47170669	9.21307108	 0.0
159	51.59	7.69451961	 0.0	2.15592806	293.36318642	9.20552811	 0.0
160	51.60	7.69420338	 0.0	2.15605512	296.25799771	9.19753296	 0.0
161	51.61	7.69387811	 0.0	2.15617173	299.15640380	9.18909404	 0.0
162	51.62	7.69354384	 0.0	2.15627752	302.05828093	9.18022066	 0.0
163	51.63	7.69320062	 0.0	2.15637213	304.96377519	9.17092318	 0.0
164	51.64	7.69284850	 0.0	2.15645522	307.87303093	9.16121235	 0.0
165	51.65	7.69248753	 0.0	2.15652647	310.78602531	9.15109942	 0.0
166	51.66	7.69211775	 0.0	2.15658555	313.70264663	9.14059578	 0.0
167	51.67	7.69173932	 0.0	2.15663219	316.62291877	9.12971655	 0.0
168	51.68	7.69135237	 0.0	2.15666613	319.54687853	9.11847572	 0.0
169	51.69	7.69095703	 0.0	2.15668712	322.47473153	9.10688849	 0.0
170	51.70	7.69055338	 0.0	2.15669494	325.40633313	9.09496974	 0.0
171	51.71	7.69014153	 0.0	2.15668940	328.34172914	9.08273451	 0.0
172	51.72	7.68972159	 0.0	2.15667030	331.28084920	9.07019925	 0.0
173	51.73	7.68929375	 0.0	2.15663753	334.22372353	9.05738215	 0.0
174	51.74	7.68885827	 0.0	2.15659096	337.17017341	9.04430293	 0.0
175	51.75	7.68841542	 0.0	2.15653053	340.12014578	9.03098210	 0.0
176	51.76	7.68796549	 0.0	2.15645616	343.07362962	9.01744089	 0.0
177	51.77	7.68750874	 0.0	2.15636783	346.03048766	9.00369986	 0.0
178	51.78	7.68704530	 0.0	2.15626554	348.99061258	8.98977760	 0.0
179	51.79	7.68657540	 0.0	2.15614928	351.95398579	8.97569545	 0.0
180	51.80	7.68609938	 0.0	2.15601908	354.92048935	8.96147661	 0.0
181	51.81	7.68561756	 0.0	2.15587501	357.89032013	8.94714407	 0.0
182	51.82	7.68513024	 0.0	2.15571720	0.86332623	8.93272105	 0.0
183	51.83	7.68463780	 0.0	2.15554580	3.83939561	8.91823184	 0.0
184	51.84	7.68414062	 0.0	2.15536098	6.81817891	8.90370131	 0.0
185	51.85	7.68363904	 0.0	2.15516294	9.79975161	8.88915387	 0.0
186	51.86	7.68313338	 0.0	2.15495190	12.78384745	8.87461285	 0.0
187	51.87	7.68262385	 0.0	2.15472813	15.77019780	8.86009963	 0.0
188	51.88	7.68211067	 0.0	2.15449192	18.75838058	8.84563564	 0.0
189	51.89	7.68159407	 0.0	2.15424357	21.74825495	8.83124235	 0.0
190	51.90	7.68107425	 0.0	2.15398343	24.73967711	8.81694082	 0.0
191	51.91	7.68055143	 0.0	2.15371190	27.73250076	8.80275172	 0.0
192	51.92	7.68002586	 0.0	2.15342939	30.72674431	8.78869696	 0.0
193	51.93	7.67949786	 0.0	2.15313632	33.72174023	8.77480000	 0.0
194	51.94	7.67896791	 0.0	2.15283317	36.71738960	8.76108743	 0.0
195	51.95	7.67843654	 0.0	2.15252042	39.71328240	8.74758690	 0.0
196	51.96	7.67790434	 0.0	2.15219858	42.70937633	8.73432704	 0.0
197	51.97	7.67737188	 0.0	2.15186821	45.70540743	8.72133595	 0.0
198	51.98	7.67683972	 0.0	2.15152988	48.70133916	8.70864087	 0.0
199	51.99	7.67630840	 0.0	2.15118418	51.69720576	8.69626851	 0.0
200	52.00	7.67577843	 0.0	2.15083172	54.69295108	8.68424486	 0.0
201	52.01	7.67525030	 0.0	2.15047314	57.68876313	8.67259460	 0.0
202	52.02	7.67472446	 0.0	2.15010909	60.68417181	8.66134148	 0.0
203	52.03	7.67420132	 0.0	2.14974024	63.67867599	8.65050786	 0.0
204	52.04	7.67368127	 0.0	2.14936728	66.67253803	8.64011562	 0.0
205	52.05	7.67316470	 0.0	2.14899092	69.66573038	8.63018621	 0.0
206	52.06	7.67265197	 0.0	2.14861187	72.65535189	8.62073884	 0.0
207	52.07	7.67214333	 0.0	2.14823087	75.64204088	8.61179003	 0.0
208	52.08	7.67163917	 0.0	2.14784865	78.62638802	8.60335843	 0.0
209	52.09	7.67113983	 0.0	2.14746597	81.60806923	8.59546115	 0.0
210	52.10	7.67064570	 0.0	2.14708359	84.58724077	8.58811549	 0.0
211	52.11	7.67015713	 0.0	2.14670229	87.56349964	8.58133748	 0.0
212	52.12	7.66967446	 0.0	2.14632285	90.53661572	8.57514154	 0.0
213	52.13	7.66919801	 0.0	2.14594603	93.50680159	8.56954149	 0.0
214	52.14	7.66872815	 0.0	2.14557263	96.47384821	8.56455073	 0.0
215	52.15	7.66826522	 0.0	2.14520343	99.43762254	8.56018214	 0.0
216	52.16	7.66780959	 0.0	2.14483923	102.39797420	8.55644778	 0.0
217	52.17	7.66736163	 0.0	2.14448082	105.35468534	8.55335878	 0.0
218	52.18	7.66692171	 0.0	2.14412897	108.30815751	8.55092586	 0.0
219	52.19	7.66649022	 0.0	2.14378447	111.25836230	8.54915834	 0.0
220	52.20	7.66606753	 0.0	2.14344808	114.20527172	8.54806456	 0.0
221	52.21	7.66565398	 0.0	2.14312056	117.14873345	8.54765082	 0.0
222	52.22	7.66524991	 0.0	2.14280268	120.08832078	8.54792239	 0.0
223	52.23	7.66485564	 0.0	2.14249516	123.02363057	8.54888344	 0.0
224	52.24	7.66447153	 0.0	2.14219874	125.95467376	8.55053751	 0.0
225	52.25	7.66409794	 0.0	2.14191414	128.88093310	8.55288742	 0.0
226	52.26	7.66373523	 0.0	2.14164206	131.80191837	8.55593445	 0.0
227	52.27	7.66338370	 0.0	2.14138317	134.71751008	8.55967804	 0.0
228	52.28	7.66304364	 0.0	2.14113813	137.62754276	8.56411626	 0.0
229	52.29	7.66271533	 0.0	2.14090757	140.53174624	8.56924568	 0.0
230	52.30	7.66239905	 0.0	2.14069213	143.42991052	8.57506235	 0.0
231	52.31	7.66209503	 0.0	2.14049239	146.32193528	8.58156006	 0.0
232	52.32	7.66180352	 0.0	2.14030894	149.20760026	8.58873159	 0.0
233	52.33	7.66152483	 0.0	2.14014234	152.08676872	8.59657103	 0.0
234	52.34	7.66125943	 0.0	2.13999312	154.95903426	8.60507481	 0.0
235	52.35	7.66100788	 0.0	2.13986182	157.82387509	8.61423932	 0.0
236	52.36	7.66077075	 0.0	2.13974894	160.68097760	8.62406111	 0.0
237	52.37	7.66054858	 0.0	2.13965493	163.53003830	8.63453438	 0.0
238	52.38	7.66034184	 0.0	2.13958023	166.37091297	8.64565067	 0.0
239	52.39	7.66015098	 0.0	2.13952524	169.20354284	8.65740027	 0.0
240	52.40	7.65997644	 0.0	2.13949034	172.02791228	8.66977272	 0.0
241	52.41	7.65981864	 0.0	2.13947589	174.84398152	8.68275567	 0.0
242	52.42	7.65967796	 0.0	2.13948220	177.65184127	8.69633523	 0.0
243	52.43	7.65955477	 0.0	2.13950956	180.45133716	8.71049653	 0.0
244	52.44	7.65944943	 0.0	2.13955823	183.24217033	8.72522394	 0.0
245	52.45	7.65936223	 0.0	2.13962847	186.02427917	8.74049849	 0.0
246	52.46	7.65929338	 0.0	2.13972046	188.79758771	8.75629930	 0.0
247	52.47	7.65924307	 0.0	2.13983435	191.56175634	8.77260410	 0.0
248	52.48	7.65921146	 0.0	2.13997024	194.31691176	8.78938959	 0.0
249	52.49	7.65919871	 0.0	2.14012821	197.06282995	8.80663161	 0.0
250	52.50	7.65920494	 0.0	2.14030829	199.79957775	8.82430479	 0.0
251	52.51	7.65923022	 0.0	2.14051047	202.52690707	8.84238168	 0.0
252	52.52	7.65927454	 0.0	2.14073471	205.24496153	8.86083354	 0.0
253	52.53	7.65933787	 0.0	2.14098090	207.95384026	8.87962994	 0.0
254	52.54	7.65942020	 0.0	2.14124895	210.65343796	8.89874098	 0.0
255	52.55	7.65952144	 0.0	2.14153869	213.34353396	8.91813437	 0.0
256	52.56	7.65964146	 0.0	2.14184991	216.02458633	8.93777662	 0.0
257	52.57	7.65978014	 0.0	2.14218235	218.69677292	8.95763410	 0.0
258	52.58	7.65993728	 0.0	2.14253572	221.36032431	8.97767193	 0.0
259	52.59	7.66011269	 0.0	2.14290968	224.01519913	8.99785440	 0.0
260	52.60	7.66030606	 0.0	2.14330384	226.66155435	9.01814381	 0.0
261	52.61	7.66051706	 0.0	2.14371776	229.29954050	9.03850133	 0.0
262	52.62	7.66074530	 0.0	2.14415097	231.92926735	9.05888715	 0.0
263	52.63	7.66099030	 0.0	2.14460292	234.55118278	9.07926051	 0.0
264	52.64	7.66125157	 0.0	2.14507308	237.16532186	9.09958027	 0.0
265	52.65	7.66152852	 0.0	2.14556080	239.77190669	9.11980407	 0.0
266	52.66	7.66182048	 0.0	2.14606545	242.37149230	9.13988812	 0.0
267	52.67	7.66212676	 0.0	2.14658632	244.96424621	9.15978851	 0.0
268	52.68	7.66244658	 0.0	2.14712267	247.55023997	9.17946022	 0.0
269	52.69	7.66277907	 0.0	2.14767372	250.12975093	9.19885656	 0.0
270	52.70	7.66312326	 0.0	2.14823862	252.70348755	9.21792942	 0.0
271	52.71	7.66347808	 0.0	2.14881649	255.27148276	9.23662895	 0.0
272	52.72	7.66384235	 0.0	2.14940642	257.83410253	9.25490378	 0.0
273	52.73	7.66421482	 0.0	2.15000744	260.39227064	9.27270205	 0.0
274	52.74	7.66459415	 0.0	2.15061856	262.94632436	9.28997060	 0.0
275	52.75	7.66497887	 0.0	2.15123873	265.49692488	9.30665530	 0.0
276	52.76	7.66536746	 0.0	2.15186688	268.04528548	9.32270148	 0.0
277	52.77	7.66575836	 0.0	2.15250190	270.59204483	9.33805589	 0.0
278	52.78	7.66615004	 0.0	2.15314266	273.13725898	9.35266733	 0.0
279	52.79	7.66654095	 0.0	2.15378799	275.68166772	9.36648528	 0.0
280	52.80	7.66692951	 0.0	2.15443667	278.22613812	9.37946010	 0.0
281	52.81	7.66731412	 0.0	2.15508746	280.77160695	9.39154343	 0.0
282	52.82	7.66769308	 0.0	2.15573909	283.31946871	9.40268604	 0.0
283	52.83	7.66806460	 0.0	2.15639024	285.87033399	9.41283897	 0.0
284	52.84	7.66842691	 0.0	2.15703959	288.42528398	9.42195398	 0.0
285	52.85	7.66877812	 0.0	2.15768577	290.98496211	9.42998298	 0.0
286	52.86	7.66911629	 0.0	2.15832743	293.55053307	9.43687929	 0.0
287	52.87	7.66943947	 0.0	2.15896317	296.12330733	9.44259696	 0.0
288	52.88	7.66974575	 0.0	2.15959159	298.70474218	9.44709178	 0.0
289	52.89	7.67003310	 0.0	2.16021127	301.29542189	9.45032108	 0.0
290	52.90	7.67029948	 0.0	2.16082077	303.89635191	9.45224415	 0.0
291	52.91	7.67054285	 0.0	2.16141866	306.50808114	9.45282184	 0.0
292	52.92	7.67076114	 0.0	2.16200349	309.13184036	9.45201700	 0.0
293	52.93	7.67095233	 0.0	2.16257382	311.76845442	9.44979489	 0.0
294	52.94	7.67111443	 0.0	2.16312820	314.41923775	9.44612397	 0.0
295	52.95	7.67124556	 0.0	2.16366520	317.08494948	9.44097640	 0.0
296	52.96	7.67134384	 0.0	2.16418339	319.76637271	9.43432736	 0.0
297	52.97	7.67140755	 0.0	2.16468139	322.46426470	9.42615623	 0.0
298	52.98	7.67143501	 0.0	2.16515779	325.17906976	9.41644500	 0.0
299	52.99	7.67142465	 0.0	2.16561124	327.91174845	9.40517866	 0.0
300	53.00	7.67137508	 0.0	2.16604041	330.66313016	9.39234651	 0.0
301	53.01	7.67128495	 0.0	2.16644398	333.43361441	9.37794009	 0.0
302	53.02	7.67115289	 0.0	2.16682067	336.22389554	9.36195324	 0.0
303	53.03	7.67097752	 0.0	2.16716919	339.03518730	9.34438271	 0.0
304	53.04	7.67075774	 0.0	2.16748831	341.86791212	9.32523007	 0.0
305	53.05	7.67049256	 0.0	2.16777679	344.72237199	9.30449850	 0.0
306	53.06	7.67018116	 0.0	2.16803344	347.59917677	9.28219522	 0.0
307	53.07	7.66982277	 0.0	2.16825710	350.49881070	9.25833262	 0.0
308	53.08	7.66941671	 0.0	2.16844662	353.42130599	9.23292844	 0.0
309	53.09	7.66896256	 0.0	2.16860090	356.36684453	9.20600391	 0.0
310	53.10	7.66846010	 0.0	2.16871887	359.33582784	9.17758443	 0.0
311	53.11	7.66790914	 0.0	2.16879953	2.32815418	9.14770215	 0.0
312	53.12	7.66730965	 0.0	2.16884192	5.34387554	9.11639240	 0.0
313	53.13	7.66666176	 0.0	2.16884513	8.38286021	9.08369360	 0.0
314	53.14	7.66596570	 0.0	2.16880833	11.44489215	9.04964881	 0.0
315	53.15	7.66522168	 0.0	2.16873074	14.52974814	9.01430326	 0.0
316	53.16	7.66443005	 0.0	2.16861167	17.63727853	8.97770235	 0.0
317	53.17	7.66359119	 0.0	2.16845043	20.76757984	8.93989457	 0.0
318	53.18	7.66270552	 0.0	2.16824639	23.92034380	8.90093113	 0.0
319	53.19	7.66177352	 0.0	2.16799898	27.09554052	8.86086527	 0.0
320	53.20	7.66079580	 0.0	2.16770766	30.29292025	8.81975228	 0.0
321	53.21	7.65977325	 0.0	2.16737203	33.51185940	8.77765527	 0.0
322	53.22	7.65870728	 0.0	2.16699173	36.75172938	8.73464574	 0.0
323	53.23	7.65759950	 0.0	2.16656656	40.01150279	8.69079964	 0.0
324	53.24	7.65645187	 0.0	2.16609642	43.29036369	8.64620079	 0.0
325	53.25	7.65526654	 0.0	2.16558134	46.58736564	8.60093495	 0.0
326	53.26	7.65404570	 0.0	2.16502144	49.90155771	8.55508915	 0.0
327	53.27	7.65279183	 0.0	2.16441701	53.23253649	8.50875680	 0.0
328	53.28	7.65150767	 0.0	2.16376853	56.57940176	8.46203564	 0.0
329	53.29	7.65019626	 0.0	2.16307663	59.94090025	8.41503066	 0.0
330	53.30	7.64886092	 0.0	2.16234211	63.31552293	8.36785313	 0.0
331	53.31	7.64750519	 0.0	2.16156592	66.70149920	8.32061797	 0.0
332	53.32	7.64613284	 0.0	2.16074919	70.09746698	8.27344664	 0.0
333	53.33	7.64474784	 0.0	2.15989320	73.50155878	8.22646496	 0.0
334	53.34	7.64335421	 0.0	2.15899934	76.91116916	8.17980006	 0.0
335	53.35	7.64195618	 0.0	2.15806923	80.32478245	8.13358391	 0.0
336	53.36	7.64055813	 0.0	2.15710458	83.74144859	8.08795146	 0.0
337	53.37	7.63916452	 0.0	2.15610730	87.15814956	8.04303744	 0.0
338	53.38	7.63777908	 0.0	2.15507958	90.57375117	7.99896404	 0.0
339	53.39	7.63640655	 0.0	2.15402341	93.98642307	7.95588004	 0.0
340	53.40	7.63505174	 0.0	2.15294090	97.39350981	7.91393313	 0.0
341	53.41	7.63371868	 0.0	2.15183438	100.79306487	7.87325448	 0.0
342	53.42	7.63241103	 0.0	2.15070636	104.18375445	7.83396820	 0.0
343	53.43	7.63113245	 0.0	2.14955936	107.56415417	7.79619922	 0.0
344	53.44	7.62988692	 0.0	2.14839594	110.93252302	7.76007992	 0.0
345	53.45	7.62867866	 0.0	2.14721881	114.28696445	7.72574333	 0.0
346	53.46	7.62751098	 0.0	2.14603065	117.62593669	7.69330267	 0.0
347	53.47	7.62638692	 0.0	2.14483420	120.94774531	7.66286504	 0.0
348	53.48	7.62530919	 0.0	2.14363219	124.25140713	7.63452957	 0.0
349	53.49	7.62428051	 0.0	2.14242741	127.53533472	7.60839229	 0.0
350	53.50	7.62330354	 0.0	2.14122270	130.79797853	7.58454587	 0.0
351	53.51	7.62238096	 0.0	2.14002094	134.03777286	7.56308033	 0.0
352	53.52	7.62151545	 0.0	2.13882512	137.25303705	7.54408238	 0.0
353	53.53	7.62070955	 0.0	2.13763818	140.44272002	7.52763177	 0.0
354	53.54	7.61996558	 0.0	2.13646310	143.60567513	7.51380127	 0.0
355	53.55	7.61928546	 0.0	2.13530281	146.74074131	7.50265191	 0.0
356	53.56	7.61867089	 0.0	2.13416021	149.84683602	7.49423848	 0.0
357	53.57	7.61812357	 0.0	2.13303820	152.92280599	7.48861235	 0.0
358	53.58	7.61764514	 0.0	2.13193967	155.96770941	7.48582091	 0.0
359	53.59	7.61723734	 0.0	2.13086748	158.98040198	7.48591141	 0.0
360	53.60	7.61690177	 0.0	2.12982443	161.96029565	7.48892297	 0.0
361	53.61	7.61663962	 0.0	2.12881323	164.90630107	7.49488312	 0.0
362	53.62	7.61645192	 0.0	2.12783653	167.81803557	7.50381336	 0.0
363	53.63	7.61633974	 0.0	2.12689698	170.69536620	7.51573153	 0.0
364	53.64	7.61630397	 0.0	2.12599716	173.53785712	7.53064909	 0.0
365	53.65	7.61634535	 0.0	2.12513955	176.34506259	7.54857140	 0.0
366	53.66	7.61646448	 0.0	2.12432657	179.11666236	7.56949699	 0.0
367	53.67	7.61666177	 0.0	2.12356050	181.85226717	7.59341661	 0.0
368	53.68	7.61693748	 0.0	2.12284353	184.55157087	7.62031550	 0.0
369	53.69	7.61729175	 0.0	2.12217776	187.21443414	7.65017314	 0.0
370	53.70	7.61772451	 0.0	2.12156514	189.84129252	7.68296160	 0.0
371	53.71	7.61823558	 0.0	2.12100753	192.43181854	7.71864681	 0.0
372	53.72	7.61882469	 0.0	2.12050668	194.98591172	7.75718939	 0.0
373	53.73	7.61949146	 0.0	2.12006428	197.50496948	7.79854548	 0.0
374	53.74	7.62023528	 0.0	2.11968187	200.01476947	7.84266274	 0.0
375	53.75	7.62105533	 0.0	2.11936090	202.52456947	7.88947996	 0.0
376	53.76	7.62195042	 0.0	2.11910263	205.03436948	7.93892504	 0.0
377	53.77	7.62291913	 0.0	2.11890822	207.54416947	7.99091789	 0.0
378	53.78	7.62395990	 0.0	2.11877868	210.05396947	8.04537097	 0.0
379	53.79	7.62507088	 0.0	2.11871487	212.56376948	8.10218790	 0.0
380	53.80	7.62625005	 0.0	2.11871749	215.07356947	8.16126625	 0.0
381	53.81	7.62749516	 0.0	2.11878711	217.58336947	8.22249520	 0.0
382	53.82	7.62880384	 0.0	2.11892414	220.09316947	8.28576001	 0.0
383	53.83	7.63017339	 0.0	2.11912885	222.60296947	8.35093558	 0.0
384	53.84	7.63160066	 0.0	2.11940124	225.11276947	8.41788366	 0.0
385	53.85	7.63308223	 0.0	2.11974126	227.62256947	8.48645987	 0.0
386	53.86	7.63461452	 0.0	2.12014867	230.13236947	8.55651375	 0.0
387	53.87	7.63619357	 0.0	2.12062315	232.64216947	8.62788360	 0.0
388	53.88	7.63781507	 0.0	2.12116420	235.15196947	8.70039876	 0.0
389	53.89	7.63947456	 0.0	2.12177115	237.66176947	8.77388376	 0.0
390	53.90	7.64116717	 0.0	2.12244324	240.17156947	8.84815337	 0.0
391	53.91	7.64288772	 0.0	2.12317965	242.68136947	8.92301334	 0.0
392	53.92	7.64463084	 0.0	2.12397943	245.19116947	8.99826361	 0.0
393	53.93	7.64639125	 0.0	2.12484140	247.70096947	9.07370740	 0.0
394	53.94	7.64816350	 0.0	2.12576424	250.21076947	9.14914310	 0.0
395	53.95	7.64994185	 0.0	2.12674649	252.72056947	9.22436339	 0.0
396	53.96	7.65172046	 0.0	2.12778659	255.23036947	9.29915773	 0.0
397	53.97	7.65349334	 0.0	2.12888289	257.74016947	9.37331198	 0.0
398	53.98	7.65525449	 0.0	2.13003364	260.24996947	9.44661166	 0.0
399	53.99	7.65699785	 0.0	2.13123696	262.75976947	9.51884300	 0.0
400	54.00	7.65871719	 0.0	2.13249090	265.26956947	9.58979051	 0.0
401	54.01	7.66040617	 0.0	2.13379341	267.77936947	9.65923937	 0.0
402	54.02	7.66205853	 0.0	2.13514236	270.28916948	9.72697621	 0.0
403	54.03	7.66366807	 0.0	2.13653547	272.79896947	9.79278956	 0.0
404	54.04	7.66522884	 0.0	2.13797042	275.30876947	9.85647419	 0.0
405	54.05	7.66673523	 0.0	2.13944478	277.81856948	9.91783152	 0.0
406	54.06	7.66818185	 0.0	2.14095605	280.32836947	9.97666903	 0.0
407	54.07	7.66956350	 0.0	2.14250161	282.83816947	10.03279817	 0.0
408	54.08	7.67087518	 0.0	2.14407877	285.34796948	10.08603657	 0.0
409	54.09	7.67211210	 0.0	2.14568475	287.85776947	10.13621012	 0.0
410	54.10	7.67326999	 0.0	2.14731668	290.36756947	10.18315655	 0.0
411	54.11	7.67434486	 0.0	2.14897162	292.87736947	10.22672103	 0.0
412	54.12	7.67533301	 0.0	2.15064649	295.38716947	10.26675819	 0.0
413	54.13	7.67623127	 0.0	2.15233819	297.89696947	10.30313619	 0.0
414	54.14	7.67703674	 0.0	2.15404355	300.40676947	10.33573295	 0.0
415	54.15	7.67774732	 0.0	2.15575930	302.91656947	10.36444164	 0.0
416	54.16	7.67836157	 0.0	2.15748208	305.42636947	10.38916892	 0.0
417	54.17	7.67887862	 0.0	2.15920848	307.93616947	10.40983417	 0.0
418	54.18	7.67929803	 0.0	2.16093500	310.44596947	10.42637193	 0.0
419	54.19	7.67962009	 0.0	2.16265807	312.96701472	10.43873143	 0.0
420	54.20	7.67984537	 0.0	2.16437406	315.52711730	10.44687483	 0.0
421	54.21	7.67997460	 0.0	2.16607929	318.12727349	10.45077569	 0.0
422	54.22	7.68000919	 0.0	2.16777005	320.76752177	10.45042142	 0.0
423	54.23	7.67995087	 0.0	2.16944255	323.44666343	10.44581587	 0.0
424	54.24	7.67980188	 0.0	2.17109301	326.16456886	10.43697730	 0.0
425	54.25	7.67956513	 0.0	2.17271754	328.92021743	10.42393751	 0.0
426	54.26	7.67924318	 0.0	2.17431222	331.71213152	10.40673631	 0.0
427	54.27	7.67883866	 0.0	2.17587305	334.54025202	10.38541944	 0.0
428	54.28	7.67835437	 0.0	2.17739602	337.40373950	10.36004633	 0.0
429	54.29	7.67779392	 0.0	2.17887719	340.30087318	10.33069829	 0.0
430	54.30	7.67716127	 0.0	2.18031256	343.23098054	10.29746270	 0.0
431	54.31	7.67646023	 0.0	2.18169810	346.19276638	10.26043419	 0.0
432	54.32	7.67569419	 0.0	2.18302984	349.18508111	10.21971275	 0.0
433	54.33	7.67486681	 0.0	2.18430387	352.20677811	10.17540857	 0.0
434	54.34	7.67398202	 0.0	2.18551636	355.25688072	10.12764141	 0.0
435	54.35	7.67304379	 0.0	2.18666364	358.33393349	10.07654045	 0.0
436	54.36	7.67205573	 0.0	2.18774215	1.43624786	10.02223241	 0.0
437	54.37	7.67102075	 0.0	2.18874839	4.56312486	9.96484111	 0.0
438	54.38	7.66994170	 0.0	2.18967898	7.71403150	9.90449892	 0.0
439	54.39	7.66882146	 0.0	2.19053068	10.88776307	9.84134031	 0.0
440	54.40	7.66766297	 0.0	2.19130030	14.08324762	9.77550010	 0.0
441	54.41	7.66646936	 0.0	2.19198485	17.29912012	9.70712226	 0.0
442	54.42	7.66524394	 0.0	2.19258158	20.53387105	9.63636046	 0.0
443	54.43	7.66399031	 0.0	2.19308789	23.78612540	9.56337821	 0.0
444	54.44	7.66271215	 0.0	2.19350141	27.05497909	9.48834152	 0.0
445	54.45	7.66141325	 0.0	2.19381990	30.33901677	9.41141929	 0.0
446	54.46	7.66009789	 0.0	2.19404145	33.63647913	9.33279608	 0.0
447	54.47	7.65877120	 0.0	2.19416450	36.94526262	9.25267675	 0.0
448	54.48	7.65743912	 0.0	2.19418795	40.26321776	9.17128534	 0.0
449	54.49	7.65610732	 0.0	2.19411108	43.58776102	9.08884447	 0.0
450	54.50	7.65478157	 0.0	2.19393355	46.91680041	9.00558298	 0.0
451	54.51	7.65346809	 0.0	2.19365536	50.24800520	8.92173599	 0.0
452	54.52	7.65217333	 0.0	2.19327687	53.57931938	8.83754112	 0.0
453	54.53	7.65090342	 0.0	2.19279880	56.90813133	8.75323163	 0.0
454	54.54	7.64966443	 0.0	2.19222232	60.23212337	8.66904144	 0.0
455	54.55	7.64846251	 0.0	2.19154899	63.54843598	8.58520210	 0.0
456	54.56	7.64730314	 0.0	2.19078074	66.85538802	8.50193922	 0.0
457	54.57	7.64619140	 0.0	2.18991991	70.15047607	8.41946911	 0.0
458	54.58	7.64513145	 0.0	2.18896949	73.43162255	8.33797768	 0.0
459	54.59	7.64412620	 0.0	2.18793279	76.69727585	8.25764650	 0.0
460	54.60	7.64318042	 0.0	2.18681267	79.94534856	8.17870644	 0.0
461	54.61	7.64229697	 0.0	2.18561264	83.17473303	8.10134031	 0.0
462	54.62	7.64147626	 0.0	2.18433698	86.38479165	8.02568349	 0.0
463	54.63	7.64071795	 0.0	2.18299017	89.57554421	7.95186521	 0.0
464	54.64	7.64002233	 0.0	2.18157658	92.74611210	7.88002575	 0.0
465	54.65	7.63938925	 0.0	2.18010070	95.89678094	7.81029873	 0.0
466	54.66	7.63881720	 0.0	2.17856729	99.02767942	7.74279474	 0.0
467	54.67	7.63830157	 0.0	2.17698185	102.14053825	7.67755054	 0.0
468	54.68	7.63783999	 0.0	2.17534909	105.23656412	7.61467485	 0.0
469	54.69	7.63743370	 0.0	2.17367299	108.31479795	7.55434021	 0.0
470	54.70	7.63708082	 0.0	2.17195832	111.37613141	7.49664147	 0.0
471	54.71	7.63677709	 0.0	2.17021023	114.42189623	7.44162277	 0.0
472	54.72	7.63651863	 0.0	2.16843364	117.45347532	7.38933601	 0.0
473	54.73	7.63630330	 0.0	2.16663311	120.47127836	7.33985921	 0.0
474	54.74	7.63612935	 0.0	2.16481312	123.47566350	7.29326608	 0.0
475	54.75	7.63599455	 0.0	2.16297834	126.46674790	7.24960776	 0.0
476	54.76	7.63589645	 0.0	2.16113347	129.44522347	7.20892535	 0.0
477	54.77	7.63583289	 0.0	2.15928309	132.41176144	7.17126065	 0.0
478	54.78	7.63580233	 0.0	2.15743166	135.36659260	7.13665616	 0.0
479	54.79	7.63580330	 0.0	2.15558362	138.30946558	7.10514710	 0.0
480	54.80	7.63583476	 0.0	2.15374331	141.24045531	7.07676509	 0.0
481	54.81	7.63589606	 0.0	2.15191504	144.15921910	7.05153822	 0.0
482	54.82	7.63598643	 0.0	2.15010296	147.06575507	7.02948673	 0.0
483	54.83	7.63610496	 0.0	2.14831108	149.96003381	7.01062129	 0.0
484	54.84	7.63625094	 0.0	2.14654330	152.84207678	6.99494737	 0.0
485	54.85	7.63642390	 0.0	2.14480338	155.71175665	6.98246726	 0.0
486	54.86	7.63662341	 0.0	2.14309487	158.56898531	6.97317536	 0.0
487	54.87	7.63684889	 0.0	2.14142119	161.41401844	6.96705526	 0.0
488	54.88	7.63709994	 0.0	2.13978556	164.24685479	6.96408403	 0.0
489	54.89	7.63737588	 0.0	2.13819108	167.06762859	6.96422839	 0.0
490	54.90	7.63767576	 0.0	2.13664071	169.87685359	6.96744822	 0.0
491	54.91	7.63799849	 0.0	2.13513721	172.67463692	6.97369674	 0.0
492	54.92	7.63834276	 0.0	2.13368321	175.46143141	6.98291995	 0.0
493	54.93	7.63870736	 0.0	2.13228118	178.23783038	6.99506016	 0.0
494	54.94	7.63909119	 0.0	2.13093347	181.00388146	7.01005499	 0.0
495	54.95	7.63949307	 0.0	2.12964227	183.75983183	7.02783753	 0.0
496	54.96	7.63991162	 0.0	2.12840966	186.50588911	7.04833681	 0.0
497	54.97	7.64034542	 0.0	2.12723764	189.24264725	7.07148009	 0.0
498	54.98	7.64079337	 0.0	2.12612805	191.97003760	7.09719276	 0.0
499	54.99	7.64125431	 0.0	2.12508260	194.68838092	7.12539468	 0.0
500	55.00	7.64172713	 0.0	2.12410293	197.39787001	7.15600080	 0.0
501	55.01	7.64221068	 0.0	2.12319053	200.09902902	7.18892119	 0.0
502	55.02	7.64270389	 0.0	2.12234673	202.79225980	7.22406243	 0.0
503	55.03	7.64320557	 0.0	2.12157262	205.47815934	7.26132013	 0.0
504	55.04	7.64371503	 0.0	2.12086924	208.15670386	7.30059540	 0.0
505	55.05	7.64423182	 0.0	2.12023754	210.82806559	7.34178652	 0.0
506	55.06	7.64475532	 0.0	2.11967820	213.49269375	7.38478163	 0.0
507	55.07	7.64528502	 0.0	2.11919173	216.15062856	7.42946794	 0.0
508	55.08	7.64582051	 0.0	2.11877845	218.80207727	7.47573008	 0.0
509	55.09	7.64636172	 0.0	2.11843861	221.44703757	7.52345719	 0.0
510	55.10	7.64690864	 0.0	2.11817222	224.08544828	7.57253512	 0.0
511	55.11	7.64746126	 0.0	2.11797914	226.71728326	7.62284615	 0.0
512	55.12	7.64801963	 0.0	2.11785902	229.34250985	7.67426830	 0.0
513	55.13	7.64858376	 0.0	2.11781127	231.96091258	7.72667632	 0.0
514	55.14	7.64915353	 0.0	2.11783520	234.57246347	7.77994491	 0.0
515	55.15	7.64972886	 0.0	2.11792998	237.17747324	7.83394700	 0.0
516	55.16	7.65030977	 0.0	2.11809463	239.77562861	7.88855303	 0.0
517	55.17	7.65089630	 0.0	2.11832805	242.36701547	7.94363115	 0.0
518	55.18	7.65148844	 0.0	2.11862896	244.95156223	7.99904990	 0.0
519	55.19	7.65208608	 0.0	2.11899610	247.52942891	8.05467846	 0.0
520	55.20	7.65268893	 0.0	2.11942812	250.10054201	8.11038212	 0.0
521	55.21	7.65329627	 0.0	2.11992370	252.66520802	8.16601806	 0.0
522	55.22	7.65390733	 0.0	2.12048141	255.22377471	8.22144456	 0.0
523	55.23	7.65452144	 0.0	2.12109971	257.77655806	8.27652478	 0.0
524	55.24	7.65513813	 0.0	2.12177697	260.32408957	8.33112901	 0.0
525	55.25	7.65575690	 0.0	2.12251147	262.86680739	8.38512936	 0.0
526	55.26	7.65637708	 0.0	2.12330142	265.40535787	8.43839991	 0.0
527	55.27	7.65699792	 0.0	2.12414498	267.93980930	8.49081852	 0.0
528	55.28	7.65761853	 0.0	2.12504029	270.47032058	8.54226779	 0.0
529	55.29	7.65823803	 0.0	2.12598547	272.99756870	8.59263631	 0.0
530	55.30	7.65885562	 0.0	2.12697857	275.52222872	8.64181965	 0.0
531	55.31	7.65947071	 0.0	2.12801751	278.04434527	8.68972586	 0.0
532	55.32	7.66008289	 0.0	2.12910010	280.56407429	8.73627213	 0.0
533	55.33	7.66069179	 0.0	2.13022409	283.08217702	8.78138227	 0.0
534	55.34	7.66129699	 0.0	2.13138719	285.59922268	8.82498684	 0.0
535	55.35	7.66189813	 0.0	2.13258697	288.11551090	8.86702306	 0.0
536	55.36	7.66249491	 0.0	2.13382099	290.63186123	8.90743446	 0.0
537	55.37	7.66308707	 0.0	2.13508674	293.14904437	8.94617041	 0.0
538	55.38	7.66367441	 0.0	2.13638166	295.66678018	8.98318460	 0.0
539	55.39	7.66425660	 0.0	2.13770316	298.18544533	9.01843254	 0.0
540	55.40	7.66483333	 0.0	2.13904860	300.70569409	9.05187279	 0.0
541	55.41	7.66540414	 0.0	2.14041535	303.22716195	9.08346356	 0.0
542	55.42	7.66596847	 0.0	2.14180073	305.75049990	9.11316456	 0.0
543	55.43	7.66652561	 0.0	2.14320207	308.27618076	9.14093552	 0.0
544	55.44	7.66707465	 0.0	2.14461668	310.80437217	9.16673526	 0.0
545	55.45	7.66761462	 0.0	2.14604189	313.33593202	9.19052359	 0.0
546	55.46	7.66814447	 0.0	2.14747505	315.87120270	9.21226234	 0.0
547	55.47	7.66866313	 0.0	2.14891350	318.41095106	9.23191701	 0.0
548	55.48	7.66916945	 0.0	2.15035458	320.95583116	9.24945498	 0.0
549	55.49	7.66966219	 0.0	2.15179563	323.50714354	9.26484638	 0.0
550	55.50	7.67014023	 0.0	2.15323398	326.06505093	9.27806794	 0.0
551	55.51	7.67060251	 0.0	2.15466696	328.63002791	9.28910190	 0.0
552	55.52	7.67104813	 0.0	2.15609192	331.20367886	9.29793812	 0.0
553	55.53	7.67147636	 0.0	2.15750619	333.78578620	9.30457332	 0.0
554	55.54	7.67188662	 0.0	2.15890715	336.37666100	9.30901090	 0.0
555	55.55	7.67227860	 0.0	2.16029218	338.97738521	9.31126306	 0.0
556	55.56	7.67265211	 0.0	2.16165871	341.58719794	9.31134838	 0.0
557	55.57	7.67300699	 0.0	2.16300418	344.20654643	9.30928856	 0.0
558	55.58	7.67334324	 0.0	2.16432610	346.83612061	9.30511173	 0.0
559	55.59	7.67366092	 0.0	2.16562204	349.47538584	9.29885097	 0.0
560	55.60	7.67396019	 0.0	2.16688959	352.12441107	9.29054399	 0.0
561	55.61	7.67424149	 0.0	2.16812642	354.78337987	9.28023593	 0.0
562	55.62	7.67450541	 0.0	2.16933031	357.45176955	9.26797498	 0.0
563	55.63	7.67475258	 0.0	2.17049906	0.12918238	9.25381122	 0.0
564	55.64	7.67498367	 0.0	2.17163057	2.81566487	9.23779922	 0.0
565	55.65	7.67519935	 0.0	2.17272279	5.51094621	9.21999554	 0.0
566	55.66	7.67540027	 0.0	2.17377379	8.21479684	9.20045851	 0.0
567	55.67	7.67558711	 0.0	2.17478170	10.92682459	9.17924940	 0.0
568	55.68	7.67576069	 0.0	2.17574479	13.64655681	9.15643225	 0.0
569	55.69	7.67592175	 0.0	2.17666139	16.37410576	9.13207063	 0.0
570	55.70	7.67607099	 0.0	2.17752990	19.10953389	9.10622852	 0.0
571	55.71	7.67620908	 0.0	2.17834885	21.85227384	9.07897046	 0.0
572	55.72	7.67633650	 0.0	2.17911678	24.60210547	9.05035774	 0.0
573	55.73	7.67645376	 0.0	2.17983236	27.35894946	9.02045267	 0.0
574	55.74	7.67656152	 0.0	2.18049433	30.12319998	8.98932230	 0.0
575	55.75	7.67666056	 0.0	2.18110152	32.89447980	8.95703712	 0.0
576	55.76	7.67675186	 0.0	2.18165285	35.67229706	8.92367202	 0.0
577	55.77	7.67683666	 0.0	2.18214741	38.45601634	8.88930918	 0.0
578	55.78	7.67691632	 0.0	2.18258439	41.24509552	8.85403277	 0.0
579	55.79	7.67699215	 0.0	2.18296310	44.03953323	8.81792695	 0.0
580	55.80	7.67706533	 0.0	2.18328303	46.83897124	8.78107186	 0.0
581	55.81	7.67713659	 0.0	2.18354390	49.64329014	8.74354057	 0.0
582	55.82	7.67720758	 0.0	2.18374522	52.45181774	8.70542513	 0.0
583	55.83	7.67727968	 0.0	2.18388664	55.26432819	8.66680995	 0.0
584	55.84	7.67735353	 0.0	2.18396810	58.08080433	8.62776449	 0.0
585	55.85	7.67742968	 0.0	2.18398971	60.90103472	8.58835762	 0.0
586	55.86	7.67750892	 0.0	2.18395165	63.72441684	8.54866642	 0.0
587	55.87	7.67759231	 0.0	2.18385422	66.55068859	8.50877289	 0.0
588	55.88	7.67768074	 0.0	2.18369782	69.37949160	8.46875551	 0.0
589	55.89	7.67777488	 0.0	2.18348303	72.21027706	8.42868819	 0.0
590	55.90	7.67787540	 0.0	2.18321049	75.04273812	8.38864568	 0.0
591	55.91	7.67798303	 0.0	2.18288090	77.87660786	8.34870388	 0.0
592	55.92	7.67809830	 0.0	2.18249508	80.71114209	8.30893490	 0.0
593	55.93	7.67822161	 0.0	2.18205398	83.54632846	8.26940998	 0.0
594	55.94	7.67835324	 0.0	2.18155866	86.38219075	8.23020020	 0.0
595	55.95	7.67849358	 0.0	2.18101029	89.21835920	8.19137668	 0.0
596	55.96	7.67864285	 0.0	2.18041017	92.05454784	8.15300655	 0.0
597	55.97	7.67880106	 0.0	2.17975974	94.89032770	8.11515163	 0.0
598	55.98	7.67896817	 0.0	2.17906048	97.72573889	8.07787266	 0.0
599	55.99	7.67914406	 0.0	2.17831395	100.56091815	8.04122747	 0.0
600	56.00	7.67932765	 0.0	2.17752207	103.39617408	8.00524654	 0.0
601	56.01	7.67951837	 0.0	2.17668658	106.23162808	7.96998055	 0.0
602	56.02	7.67971729	 0.0	2.17580894	109.06639500	7.93550977	 0.0
603	56.03	7.67992438	 0.0	2.17489096	111.90052433	7.90188438	 0.0
604	56.04	7.68013857	 0.0	2.17393469	114.73473223	7.86913228	 0.0
605	56.05	7.68035870	 0.0	2.17294217	117.56925196	7.83728057	 0.0
606	56.06	7.68058406	 0.0	2.17191537	120.40411937	7.80636439	 0.0
607	56.07	7.68081407	 0.0	2.17085628	123.23941779	7.77641894	 0.0
608	56.08	7.68104787	 0.0	2.16976704	126.07588573	7.74747058	 0.0
609	56.09	7.68128447	 0.0	2.16864980	128.91354969	7.71954088	 0.0
610	56.10	7.68152290	 0.0	2.16750675	131.75255700	7.69265128	 0.0
611	56.11	7.68176221	 0.0	2.16634007	134.59327566	7.66682157	 0.0
612	56.12	7.68200141	 0.0	2.16515199	137.43564522	7.64206830	 0.0
613	56.13	7.68223941	 0.0	2.16394475	140.28009089	7.61840410	 0.0
614	56.14	7.68247517	 0.0	2.16272063	143.12683508	7.59584100	 0.0
615	56.15	7.68270768	 0.0	2.16148189	145.97614056	7.57438870	 0.0
616	56.16	7.68293589	 0.0	2.16023082	148.82828134	7.55405528	 0.0
617	56.17	7.68315884	 0.0	2.15896972	151.68368714	7.53484887	 0.0
618	56.18	7.68337574	 0.0	2.15770090	154.54224250	7.51677942	 0.0
619	56.19	7.68358595	 0.0	2.15642666	157.40372854	7.49985931	 0.0
620	56.20	7.68378902	 0.0	2.15514931	160.26862198	7.48410227	 0.0
621	56.21	7.68398451	 0.0	2.15387114	163.13679025	7.46952128	 0.0
622	56.22	7.68417203	 0.0	2.15259441	166.00847839	7.45612791	 0.0
623	56.23	7.68435119	 0.0	2.15132139	168.88363440	7.44393283	 0.0
624	56.24	7.68452169	 0.0	2.15005430	171.76249388	7.43294621	 0.0
625	56.25	7.68468323	 0.0	2.14879535	174.64482892	7.42317672	 0.0
626	56.26	7.68483553	 0.0	2.14754673	177.53099518	7.41463144	 0.0
627	56.27	7.68497844	 0.0	2.14631060	180.42116421	7.40731705	 0.0
628	56.28	7.68511189	 0.0	2.14508910	183.31509719	7.40123985	 0.0
629	56.29	7.68523588	 0.0	2.14388430	186.21250707	7.39640565	 0.0
630	56.30	7.68535045	 0.0	2.14269826	189.11381084	7.39281905	 0.0
631	56.31	7.68545569	 0.0	2.14153298	192.01823510	7.39048386	 0.0
632	56.32	7.68555176	 0.0	2.14039044	194.92549055	7.38940210	 0.0
633	56.33	7.68563882	 0.0	2.13927253	197.83546961	7.38957338	 0.0
634	56.34	7.68571702	 0.0	2.13818109	200.74777994	7.39099552	 0.0
635	56.35	7.68578663	 0.0	2.13711789	203.66217997	7.39366504	 0.0
636	56.36	7.68584795	 0.0	2.13608460	206.57877225	7.39757782	 0.0
637	56.37	7.68590138	 0.0	2.13508285	209.49728220	7.40272878	 0.0
638	56.38	7.68594751	 0.0	2.13411417	212.41702474	7.40911288	 0.0
639	56.39	7.68598700	 0.0	2.13318001	215.33764804	7.41672521	 0.0
640	56.40	7.68602055	 0.0	2.13228175	218.25887376	7.42556205	 0.0
641	56.41	7.68604900	 0.0	2.13142072	221.18036667	7.43561761	 0.0
642	56.42	7.68607330	 0.0	2.13059813	224.10114442	7.44688299	 0.0
643	56.43	7.68609437	 0.0	2.12981515	227.02062836	7.45934660	 0.0
644	56.44	7.68611316	 0.0	2.12907285	229.93827958	7.47299421	 0.0
645	56.45	7.68613061	 0.0	2.12837224	232.85366332	7.48780840	 0.0
646	56.46	7.68614767	 0.0	2.12771423	235.76633567	7.50376923	 0.0
647	56.47	7.68616528	 0.0	2.12709965	238.67555994	7.52085397	 0.0
648	56.48	7.68618439	 0.0	2.12652926	241.58091807	7.53903748	 0.0
649	56.49	7.68620593	 0.0	2.12600369	244.48195093	7.55829153	 0.0
650	56.50	7.68623087	 0.0	2.12552350	247.37806900	7.57858778	 0.0
651	56.51	7.68626024	 0.0	2.12508919	250.26910011	7.59989711	 0.0
652	56.52	7.68629502	 0.0	2.12470116	253.15441761	7.62218717	 0.0
653	56.53	7.68633613	 0.0	2.12435970	256.03365471	7.64542325	 0.0
654	56.54	7.68638435	 0.0	2.12406498	258.90656186	7.66956587	 0.0
655	56.55	7.68644045	 0.0	2.12381713	261.77285592	7.69457613	 0.0
656	56.56	7.68650517	 0.0	2.12361618	264.63221960	7.72041249	 0.0
657	56.57	7.68657906	 0.0	2.12346195	267.48432024	7.74702821	 0.0
658	56.58	7.68666275	 0.0	2.12335423	270.32875618	7.77437770	 0.0
659	56.59	7.68675689	 0.0	2.12329277	273.16528491	7.80241723	 0.0
660	56.60	7.68686241	 0.0	2.12327726	275.99350131	7.83110901	 0.0
661	56.61	7.68698012	 0.0	2.12330726	278.81321298	7.86041193	 0.0
662	56.62	7.68711076	 0.0	2.12338227	281.62436356	7.89028357	 0.0
663	56.63	7.68725491	 0.0	2.12350173	284.42675042	7.92067871	 0.0
664	56.64	7.68741302	 0.0	2.12366500	287.22067649	7.95154939	 0.0
665	56.65	7.68758544	 0.0	2.12387135	290.00620191	7.98284564	 0.0
666	56.66	7.68777236	 0.0	2.12412007	292.78321157	8.01451557	 0.0
667	56.67	7.68797386	 0.0	2.12441038	295.55199013	8.04650436	 0.0
668	56.68	7.68818980	 0.0	2.12474147	298.31274769	8.07875400	 0.0
669	56.69	7.68841996	 0.0	2.12511249	301.06583397	8.11120507	 0.0
670	56.70	7.68866417	 0.0	2.12552246	303.81130914	8.14380074	 0.0
671	56.71	7.68892223	 0.0	2.12597033	306.54938776	8.17648468	 0.0
672	56.72	7.68919382	 0.0	2.12645500	309.28033945	8.20919967	 0.0
673	56.73	7.68947855	 0.0	2.12697534	312.00430028	8.24188883	 0.0
674	56.74	7.68977599	 0.0	2.12753017	314.72138558	8.27449562	 0.0
675	56.75	7.69008566	 0.0	2.12811828	317.43177156	8.30696475	 0.0
676	56.76	7.69040706	 0.0	2.12873839	320.13600896	8.33924189	 0.0
677	56.77	7.69073959	 0.0	2.12938922	322.83465416	8.37127334	 0.0
678	56.78	7.69108267	 0.0	2.13006946	325.52824555	8.40300475	 0.0
679	56.79	7.69143563	 0.0	2.13077775	328.21713108	8.43438342	 0.0
680	56.80	7.69179775	 0.0	2.13151269	330.90141404	8.46535901	 0.0
681	56.81	7.69216827	 0.0	2.13227286	333.58154962	8.49588270	 0.0
682	56.82	7.69254645	 0.0	2.13305683	336.25793798	8.52590771	 0.0
683	56.83	7.69293150	 0.0	2.13386313	338.93123917	8.55538908	 0.0
684	56.84	7.69332261	 0.0	2.13469027	341.60136472	8.58428422	 0.0
685	56.85	7.69371894	 0.0	2.13553676	344.26835218	8.61255131	 0.0
686	56.86	7.69411962	 0.0	2.13640108	346.93274322	8.64015023	 0.0
687	56.87	7.69452376	 0.0	2.13728168	349.59516520	8.66704240	 0.0
688	56.88	7.69493048	 0.0	2.13817700	352.25609614	8.69319135	 0.0
689	56.89	7.69533885	 0.0	2.13908550	354.91565676	8.71856170	 0.0
690	56.90	7.69574796	 0.0	2.14000559	357.57424839	8.74311954	 0.0
691	56.91	7.69615688	 0.0	2.14093570	0.23257233	8.76683321	 0.0
692	56.92	7.69656472	 0.0	2.14187426	2.89106420	8.78967318	 0.0
693	56.93	7.69697063	 0.0	2.14281965	5.55000458	8.81161221	 0.0
694	56.94	7.69737377	 0.0	2.14377031	8.20987515	8.83262515	 0.0
695	56.95	7.69777337	 0.0	2.14472462	10.87114046	8.85268942	 0.0
696	56.96	7.69816866	 0.0	2.14568100	13.53398135	8.87178446	 0.0
697	56.97	7.69855892	 0.0	2.14663787	16.19891778	8.88989088	 0.0
698	56.98	7.69894341	 0.0	2.14759364	18.86629617	8.90699180	 0.0
699	56.99	7.69932145	 0.0	2.14854676	21.53614134	8.92307178	 0.0
700	57.00	7.69969232	 0.0	2.14949567	24.20870970	8.93811666	 0.0
701	57.01	7.70005533	 0.0	2.15043883	26.88495077	8.95211329	 0.0
702	57.02	7.70040985	 0.0	2.15137472	29.56519258	8.96505146	 0.0
703	57.03	7.70075533	 0.0	2.15230181	32.24962955	8.97692417	 0.0
704	57.04	7.70109140	 0.0	2.15321863	34.93803935	8.98772906	 0.0
705	57.05	7.70141781	 0.0	2.15412369	37.63108582	8.99746846	 0.0
706	57.06	7.70173449	 0.0	2.15501555	40.32931663	9.00614905	 0.0
707	57.07	7.70204147	 0.0	2.15589283	43.03239227	9.01378131	 0.0
708	57.08	7.70233880	 0.0	2.15675414	45.74045196	9.02037601	 0.0
709	57.09	7.70262654	 0.0	2.15759813	48.45383104	9.02594501	 0.0
710	57.10	7.70290483	 0.0	2.15842350	51.17337167	9.03050305	 0.0
711	57.11	7.70317386	 0.0	2.15922898	53.89906235	9.03406751	 0.0
712	57.12	7.70343388	 0.0	2.16001335	56.63052817	9.03665721	 0.0
713	57.13	7.70368516	 0.0	2.16077546	59.36770016	9.03829233	 0.0
714	57.14	7.70392801	 0.0	2.16151420	62.11037499	9.03899442	 0.0
715	57.15	7.70416275	 0.0	2.16222850	64.85892241	9.03878593	 0.0
716	57.16	7.70438969	 0.0	2.16291735	67.61334161	9.03768923	 0.0
717	57.17	7.70460904	 0.0	2.16357979	70.37313842	9.03572612	 0.0
718	57.18	7.70482129	 0.0	2.16421496	73.13798310	9.03292399	 0.0
719	57.19	7.70502694	 0.0	2.16482206	75.90763818	9.02931170	 0.0
720	57.20	7.70522645	 0.0	2.16540031	78.68183298	9.02491772	 0.0
721	57.21	7.70542027	 0.0	2.16594903	81.46093311	9.01977162	 0.0
722	57.22	7.70560892	 0.0	2.16646756	84.24456420	9.01390504	 0.0
723	57.23	7.70579290	 0.0	2.16695530	87.03246587	9.00734998	 0.0
724	57.24	7.70597275	 0.0	2.16741171	89.82418677	9.00014055	 0.0
725	57.25	7.70614901	 0.0	2.16783630	92.61939043	8.99231143	 0.0
726	57.26	7.70632221	 0.0	2.16822865	95.41777752	8.98389787	 0.0
727	57.27	7.70649287	 0.0	2.16858836	98.21910628	8.97493550	 0.0
728	57.28	7.70666150	 0.0	2.16891513	101.02281421	8.96546081	 0.0
729	57.29	7.70682859	 0.0	2.16920869	103.82870499	8.95551005	 0.0
730	57.30	7.70699455	 0.0	2.16946886	106.63655115	8.94511791	 0.0
731	57.31	7.70715976	 0.0	2.16969551	109.44616416	8.93432006	 0.0
732	57.32	7.70732462	 0.0	2.16988857	112.25735611	8.92315298	 0.0
733	57.33	7.70748950	 0.0	2.17004805	115.06995863	8.91165325	 0.0
734	57.34	7.70765469	 0.0	2.17017403	117.88406337	8.89985565	 0.0
735	57.35	7.70782039	 0.0	2.17026662	120.69965685	8.88779348	 0.0
736	57.36	7.70798679	 0.0	2.17032601	123.51659377	8.87549969	 0.0
737	57.37	7.70815380	 0.0	2.17035255	126.33508980	8.86299959	 0.0
738	57.38	7.70832122	 0.0	2.17034655	129.15520531	8.85032071	 0.0
739	57.39	7.70848946	 0.0	2.17030827	131.97683115	8.83750370	 0.0
740	57.40	7.70865868	 0.0	2.17023810	134.79996834	8.82458335	 0.0
741	57.41	7.70882876	 0.0	2.17013652	137.62445275	8.81158882	 0.0
742	57.42	7.70899949	 0.0	2.17000412	140.45040128	8.79854811	 0.0
743	57.43	7.70917078	 0.0	2.16984139	143.27775669	8.78549255	 0.0
744	57.44	7.70934260	 0.0	2.16964886	146.10642519	8.77245497	 0.0
745	57.45	7.70951472	 0.0	2.16942715	148.93664260	8.75946322	 0.0
746	57.46	7.70968680	 0.0	2.16917697	151.76867937	8.74654349	 0.0
747	57.47	7.70985864	 0.0	2.16889907	154.60246182	8.73372539	 0.0
748	57.48	7.71003021	 0.0	2.16859423	157.43784482	8.72104212	 0.0
749	57.49	7.71020148	 0.0	2.16826327	160.27475731	8.70852676	 0.0
750	57.50	7.71037236	 0.0	2.16790705	163.11355792	8.69621117	 0.0
751	57.51	7.71054267	 0.0	2.16752648	165.95434749	8.68412534	 0.0
752	57.52	7.71071220	 0.0	2.16712251	168.79737017	8.67229736	 0.0
753	57.53	7.71088064	 0.0	2.16669610	171.64280009	8.66075334	 0.0
754	57.54	7.71104765	 0.0	2.16624829	174.49086665	8.64951740	 0.0
755	57.55	7.71121282	 0.0	2.16578009	177.34180751	8.63861204	 0.0
756	57.56	7.71137576	 0.0	2.16529258	180.19550340	8.62805903	 0.0
757	57.57	7.71153599	 0.0	2.16478682	183.05216594	8.61787756	 0.0
758	57.58	7.71169304	 0.0	2.16426390	185.91175407	8.60808525	 0.0
759	57.59	7.71184640	 0.0	2.16372492	188.77465409	8.59869874	 0.0
760	57.60	7.71199564	 0.0	2.16317102	191.64087030	8.58973477	 0.0
761	57.61	7.71214033	 0.0	2.16260334	194.51045514	8.58120922	 0.0
762	57.62	7.71228004	 0.0	2.16202304	197.38324334	8.57313710	 0.0
763	57.63	7.71241437	 0.0	2.16143130	200.25935981	8.56553255	 0.0
764	57.64	7.71254291	 0.0	2.16082929	203.13863953	8.55840883	 0.0
765	57.65	7.71266528	 0.0	2.16021820	206.02090178	8.55177839	 0.0
766	57.66	7.71278115	 0.0	2.15959922	208.90627837	8.54565293	 0.0
767	57.67	7.71289019	 0.0	2.15897355	211.79495222	8.54004374	 0.0
768	57.68	7.71299217	 0.0	2.15834240	214.68680794	8.53496204	 0.0
769	57.69	7.71308687	 0.0	2.15770695	217.58192070	8.53041838	 0.0
770	57.70	7.71317413	 0.0	2.15706842	220.47968553	8.52642255	 0.0
771	57.71	7.71325382	 0.0	2.15642797	223.37975051	8.52298338	 0.0
772	57.72	7.71332583	 0.0	2.15578679	226.28190103	8.52010878	 0.0
773	57.73	7.71339011	 0.0	2.15514603	229.18634457	8.51780597	 0.0
774	57.74	7.71344666	 0.0	2.15450685	232.09342278	8.51608173	 0.0
775	57.75	7.71349554	 0.0	2.15387039	235.00323657	8.51494275	 0.0
776	57.76	7.71353687	 0.0	2.15323779	237.91565231	8.51439552	 0.0
777	57.77	7.71357082	 0.0	2.15261015	240.83066359	8.51444525	 0.0
778	57.78	7.71359754	 0.0	2.15198857	243.74776947	8.51509536	 0.0
779	57.79	7.71361716	 0.0	2.15137411	246.66705087	8.51634829	 0.0
780	57.80	7.71362991	 0.0	2.15076781	249.58878870	8.51820580	 0.0
781	57.81	7.71363604	 0.0	2.15017068	252.51284098	8.52066900	 0.0
782	57.82	7.71363576	 0.0	2.14958371	255.43888704	8.52373625	 0.0
783	57.83	7.71362926	 0.0	2.14900786	258.36679022	8.52740388	 0.0
784	57.84	7.71361671	 0.0	2.14844404	261.29628716	8.53166691	 0.0
785	57.85	7.71359822	 0.0	2.14789315	264.22705759	8.53651747	 0.0
786	57.86	7.71357386	 0.0	2.14735603	267.15891018	8.54194538	 0.0
787	57.87	7.71354374	 0.0	2.14683350	270.09235258	8.54793984	 0.0
788	57.88	7.71350806	 0.0	2.14632630	273.02722852	8.55449120	 0.0
789	57.89	7.71346723	 0.0	2.14583517	275.96345635	8.56159331	 0.0
790	57.90	7.71342183	 0.0	2.14536077	278.90048729	8.56924182	 0.0
791	57.91	7.71337249	 0.0	2.14490373	281.83821574	8.57743269	 0.0
792	57.92	7.71331983	 0.0	2.14446463	284.77659087	8.58616037	 0.0
793	57.93	7.71326443	 0.0	2.14404400	287.71540570	8.59541762	 0.0
794	57.94	7.71320683	 0.0	2.14364233	290.65442172	8.60519515	 0.0
795	57.95	7.71314754	 0.0	2.14326009	293.59370345	8.61548251	 0.0
796	57.96	7.71308718	 0.0	2.14289773	296.53305576	8.62627061	 0.0
797	57.97	7.71302626	 0.0	2.14255566	299.47241830	8.63754694	 0.0
798	57.98	7.71296519	 0.0	2.14223422	302.41146733	8.64929606	 0.0
799	57.99	7.71290428	 0.0	2.14193372	305.34995165	8.66149978	 0.0
800	58.00	7.71284383	 0.0	2.14165442	308.28770383	8.67413970	 0.0
801	58.01	7.71278411	 0.0	2.14139656	311.22439292	8.68719640	 0.0
802	58.02	7.71272537	 0.0	2.14116034	314.15987854	8.70064915	 0.0
803	58.03	7.71266786	 0.0	2.14094593	317.09404296	8.71447782	 0.0
804	58.04	7.71261179	 0.0	2.14075342	320.02673720	8.72866068	 0.0
805	58.05	7.71255732	 0.0	2.14058290	322.95784356	8.74317431	 0.0
806	58.06	7.71250454	 0.0	2.14043440	325.88721800	8.75799487	 0.0
807	58.07	7.71245355	 0.0	2.14030789	328.81467515	8.77309801	 0.0
808	58.08	7.71240439	 0.0	2.14020332	331.74002259	8.78845889	 0.0
809	58.09	7.71235707	 0.0	2.14012056	334.66328182	8.80405188	 0.0
810	58.10	7.71231161	 0.0	2.14005947	337.58433635	8.81985184	 0.0
811	58.11	7.71226801	 0.0	2.14001985	340.50330380	8.83583341	 0.0
812	58.12	7.71222639	 0.0	2.14000150	343.41997102	8.85197456	 0.0
813	58.13	7.71218676	 0.0	2.14000417	346.33428331	8.86825115	 0.0
814	58.14	7.71214906	 0.0	2.14002757	349.24640102	8.88463763	 0.0
815	58.15	7.71211316	 0.0	2.14007140	352.15667815	8.90110672	 0.0
816	58.16	7.71207885	 0.0	2.14013531	355.06529603	8.91763074	 0.0
817	58.17	7.71204589	 0.0	2.14021894	357.97259048	8.93418149	 0.0
818	58.18	7.71201407	 0.0	2.14032191	0.87876920	8.95073099	 0.0
819	58.19	7.71198315	 0.0	2.14044379	3.78405537	8.96725159	 0.0
820	58.20	7.71195291	 0.0	2.14058415	6.68876474	8.98371647	 0.0
821	58.21	7.71192313	 0.0	2.14074248	9.59300236	9.00009922	 0.0
822	58.22	7.71189356	 0.0	2.14091826	12.49683963	9.01637314	 0.0
823	58.23	7.71186384	 0.0	2.14111092	15.40031031	9.03251056	 0.0
824	58.24	7.71183361	 0.0	2.14131985	18.30358979	9.04848355	 0.0
825	58.25	7.71180248	 0.0	2.14154443	21.20697938	9.06426440	 0.0
826	58.26	7.71177005	 0.0	2.14178401	24.11072529	9.07982607	 0.0
827	58.27	7.71173595	 0.0	2.14203793	27.01505813	9.09514211	 0.0
828	58.28	7.71169983	 0.0	2.14230549	29.92040813	9.11018817	 0.0
829	58.29	7.71166145	 0.0	2.14258599	32.82672365	9.12494294	 0.0
830	58.30	7.71162074	 0.0	2.14287870	35.73426337	9.13938861	 0.0
831	58.31	7.71157772	 0.0	2.14318288	38.64300179	9.15351080	 0.0
832	58.32	7.71153249	 0.0	2.14349777	41.55305608	9.16729693	 0.0
833	58.33	7.71148514	 0.0	2.14382258	44.46454230	9.18073495	 0.0
834	58.34	7.71143573	 0.0	2.14415652	47.37770715	9.19381333	 0.0
835	58.35	7.71138434	 0.0	2.14449878	50.29252512	9.20652142	 0.0
836	58.36	7.71133104	 0.0	2.14484855	53.20914826	9.21884976	 0.0
837	58.37	7.71127592	 0.0	2.14520503	56.12757313	9.23078930	 0.0
838	58.38	7.71121903	 0.0	2.14556739	59.04783084	9.24233129	 0.0
839	58.39	7.71116044	 0.0	2.14593483	61.96990226	9.25346793	 0.0
840	58.40	7.71110020	 0.0	2.14630651	64.89362884	9.26419181	 0.0
841	58.41	7.71103833	 0.0	2.14668161	67.81895499	9.27449554	 0.0
842	58.42	7.71097484	 0.0	2.14705930	70.74535888	9.28437206	 0.0
843	58.43	7.71090977	 0.0	2.14743876	73.67282854	9.29381530	 0.0
844	58.44	7.71084315	 0.0	2.14781916	76.60123741	9.30282065	 0.0
845	58.45	7.71077510	 0.0	2.14819971	79.53052940	9.31138490	 0.0
846	58.46	7.71070572	 0.0	2.14857959	82.46078183	9.31950582	 0.0
847	58.47	7.71063510	 0.0	2.14895802	85.39189025	9.32718135	 0.0
848	58.48	7.71056332	 0.0	2.14933421	88.32356349	9.33440983	 0.0
849	58.49	7.71049046	 0.0	2.14970739	91.25585595	9.34119043	 0.0
850	58.50	7.71041661	 0.0	2.15007679	94.18879187	9.34752318	 0.0
851	58.51	7.71034184	 0.0	2.15044167	97.12222736	9.35340918	 0.0
852	58.52	7.71026628	 0.0	2.15080129	100.05612201	9.35885051	 0.0
853	58.53	7.71019007	 0.0	2.15115496	102.99060998	9.36385088	 0.0
854	58.54	7.71011336	 0.0	2.15150198	105.92595394	9.36841502	 0.0
855	58.55	7.71003635	 0.0	2.15184169	108.86250911	9.37254894	 0.0
856	58.56	7.70995924	 0.0	2.15217345	111.80067461	9.37626024	 0.0
857	58.57	7.70988226	 0.0	2.15249664	114.74046765	9.37955688	 0.0
858	58.58	7.70980557	 0.0	2.15281068	117.68210138	9.38244768	 0.0
859	58.59	7.70972940	 0.0	2.15311501	120.62519765	9.38494193	 0.0
860	58.60	7.70965393	 0.0	2.15340911	123.56962256	9.38704881	 0.0
861	58.61	7.70957930	 0.0	2.15369249	126.51545771	9.38877792	 0.0
862	58.62	7.70950571	 0.0	2.15396470	129.46264869	9.39013988	 0.0
863	58.63	7.70943331	 0.0	2.15422535	132.41107944	9.39114549	 0.0
864	58.64	7.70936220	 0.0	2.15447405	135.36053429	9.39180449	 0.0
865	58.65	7.70929241	 0.0	2.15471047	138.31088966	9.39212553	 0.0
866	58.66	7.70922390	 0.0	2.15493428	141.26214123	9.39211696	 0.0
867	58.67	7.70915657	 0.0	2.15514520	144.21432187	9.39178599	 0.0
868	58.68	7.70909029	 0.0	2.15534298	147.16769489	9.39113972	 0.0
869	58.69	7.70902493	 0.0	2.15552739	150.12250998	9.39018678	 0.0
870	58.70	7.70896049	 0.0	2.15569826	153.07892331	9.38893867	 0.0
871	58.71	7.70889713	 0.0	2.15585542	156.03693472	9.38741126	 0.0
872	58.72	7.70883511	 0.0	2.15599874	158.99634222	9.38562298	 0.0
873	58.73	7.70877472	 0.0	2.15612811	161.95714674	9.38359303	 0.0
874	58.74	7.70871620	 0.0	2.15624344	164.91946502	9.38134011	 0.0
875	58.75	7.70865976	 0.0	2.15634470	167.88333938	9.37888214	 0.0
876	58.76	7.70860552	 0.0	2.15643186	170.84882386	9.37623643	 0.0
877	58.77	7.70855360	 0.0	2.15650495	173.81581058	9.37341972	 0.0
878	58.78	7.70850409	 0.0	2.15656400	176.78431142	9.37044821	 0.0
879	58.79	7.70845704	 0.0	2.15660911	179.75395298	9.36733761	 0.0
880	58.80	7.70841246	 0.0	2.15664038	182.72445840	9.36410301	 0.0
881	58.81	7.70837028	 0.0	2.15665794	185.69573074	9.36075839	 0.0
882	58.82	7.70833041	 0.0	2.15666196	188.66761163	9.35731684	 0.0
883	58.83	7.70829271	 0.0	2.15665262	191.63978617	9.35379041	 0.0
884	58.84	7.70825698	 0.0	2.15663012	194.61228298	9.35019062	 0.0
885	58.85	7.70822302	 0.0	2.15659470	197.58497239	9.34652867	 0.0
886	58.86	7.70819066	 0.0	2.15654660	200.55788454	9.34281676	 0.0
887	58.87	7.70815974	 0.0	2.15648607	203.53112051	9.33906788	 0.0
888	58.88	7.70813009	 0.0	2.15641340	206.50468904	9.33529462	 0.0
889	58.89	7.70810149	 0.0	2.15632889	209.47869641	9.33150853	 0.0
890	58.90	7.70807372	 0.0	2.15623288	212.45337719	9.32772150	 0.0
891	58.91	7.70804659	 0.0	2.15612572	215.42890143	9.32394526	 0.0
892	58.92	7.70801992	 0.0	2.15600778	218.40534182	9.32019210	 0.0
893	58.93	7.70799354	 0.0	2.15587945	221.38276439	9.31647417	 0.0
894	58.94	7.70796726	 0.0	2.15574114	224.36125595	9.31280346	 0.0
895	58.95	7.70794090	 0.0	2.15559326	227.34099963	9.30919164	 0.0
896	58.96	7.70791426	 0.0	2.15543625	230.32218162	9.30565004	 0.0
897	58.97	7.70788715	 0.0	2.15527055	233.30501105	9.30219003	 0.0
898	58.98	7.70785941	 0.0	2.15509665	236.28972635	9.29882337	 0.0
899	58.99	7.70783087	 0.0	2.15491502	239.27650359	9.29556096	 0.0
900	59.00	7.70780132	 0.0	2.15472615	242.26553524	9.29241336	 0.0
901	59.01	7.70777058	 0.0	2.15453054	245.25687600	9.28939100	 0.0
902	59.02	7.70773846	 0.0	2.15432871	248.25055782	9.28650376	 0.0
903	59.03	7.70770478	 0.0	2.15412118	251.24637825	9.28376107	 0.0
904	59.04	7.70766932	 0.0	2.15390847	254.24428578	9.28117115	 0.0
905	59.05	7.70763183	 0.0	2.15369112	257.24451724	9.27874102	 0.0
906	59.06	7.70759207	 0.0	2.15346967	260.24693307	9.27647700	 0.0
907	59.07	7.70754975	 0.0	2.15324466	263.25175960	9.27438402	 0.0
908	59.08	7.70750455	 0.0	2.15301662	266.25894797	9.27246612	 0.0
909	59.09	7.70745615	 0.0	2.15278611	269.26859413	9.27072650	 0.0
910	59.10	7.70740429	 0.0	2.15255368	272.28101853	9.26917009	 0.0
911	59.11	7.70734891	 0.0	2.15231986	275.29598593	9.26780550	 0.0
912	59.12	7.70729010	 0.0	2.15208521	278.31335823	9.26664439	 0.0
913	59.13	7.70722809	 0.0	2.15185028	281.33310134	9.26569989	 0.0
914	59.14	7.70716309	 0.0	2.15161560	284.35507350	9.26498415	 0.0
915	59.15	7.70709525	 0.0	2.15138172	287.37919765	9.26450803	 0.0
916	59.16	7.70702473	 0.0	2.15114917	290.40530073	9.26428110	 0.0
917	59.17	7.70695166	 0.0	2.15091847	293.43343283	9.26431154	 0.0
918	59.18	7.70687611	 0.0	2.15069015	296.46346198	9.26460646	 0.0
919	59.19	7.70679819	 0.0	2.15046472	299.49524384	9.26517186	 0.0
920	59.20	7.70671798	 0.0	2.15024269	302.52845161	9.26601291	 0.0
921	59.21	7.70663555	 0.0	2.15002455	305.56284578	9.26713377	 0.0
922	59.22	7.70655098	 0.0	2.14981079	308.59848387	9.26853794	 0.0
923	59.23	7.70646432	 0.0	2.14960187	311.63503288	9.27022767	 0.0
924	59.24	7.70637565	 0.0	2.14939826	314.67242538	9.27220450	 0.0
925	59.25	7.70628503	 0.0	2.14920040	317.71040206	9.27446936	 0.0
926	59.26	7.70619254	 0.0	2.14900871	320.74891168	9.27702239	 0.0
927	59.27	7.70609824	 0.0	2.14882361	323.78804072	9.27986334	 0.0
928	59.28	7.70600224	 0.0	2.14864551	326.82771395	9.28299120	 0.0
929	59.29	7.70590461	 0.0	2.14847477	329.86789454	9.28640480	 0.0
930	59.30	7.70580550	 0.0	2.14831176	332.90873878	9.29010279	 0.0
931	59.31	7.70570504	 0.0	2.14815682	335.95015323	9.29408383	 0.0
932	59.32	7.70560338	 0.0	2.14801026	338.99228389	9.29834603	 0.0
933	59.33	7.70550069	 0.0	2.14787240	342.03515419	9.30288731	 0.0
934	59.34	7.70539713	 0.0	2.14774351	345.07852920	9.30770476	 0.0
935	59.35	7.70529285	 0.0	2.14762386	348.12257941	9.31279474	 0.0
936	59.36	7.70518799	 0.0	2.14751370	351.16739234	9.31815300	 0.0
937	59.37	7.70508273	 0.0	2.14741326	354.21305589	9.32377547	 0.0
938	59.38	7.70497723	 0.0	2.14732276	357.25956552	9.32965772	 0.0
939	59.39	7.70487163	 0.0	2.14724239	0.30685246	9.33579411	 0.0
940	59.40	7.70476603	 0.0	2.14717233	3.35485120	9.34217753	 0.0
941	59.41	7.70466051	 0.0	2.14711272	6.40372506	9.34880082	 0.0
942	59.42	7.70455516	 0.0	2.14706371	9.45321543	9.35565602	 0.0
943	59.43	7.70445001	 0.0	2.14702540	12.50323059	9.36273453	 0.0
944	59.44	7.70434508	 0.0	2.14699790	15.55367681	9.37002608	 0.0
945	59.45	7.70424028	 0.0	2.14698125	18.60449841	9.37751848	 0.0
946	59.46	7.70413551	 0.0	2.14697551	21.65565310	9.38519868	 0.0
947	59.47	7.70403061	 0.0	2.14698068	24.70712075	9.39305177	 0.0
948	59.48	7.70392534	 0.0	2.14699674	27.75900388	9.40106201	 0.0
949	59.49	7.70381952	 0.0	2.14702369	30.81150572	9.40921445	 0.0
950	59.50	7.70371308	 0.0	2.14706146	33.86458049	9.41749694	 0.0
951	59.51	7.70360613	 0.0	2.14711001	36.91809260	9.42590112	 0.0
952	59.52	7.70349890	 0.0	2.14716925	39.97178711	9.43442168	 0.0
953	59.53	7.70339167	 0.0	2.14723908	43.02549953	9.44305322	 0.0
954	59.54	7.70328461	 0.0	2.14731936	46.07923816	9.45178839	 0.0
955	59.55	7.70317787	 0.0	2.14740993	49.13297493	9.46061910	 0.0
956	59.56	7.70307153	 0.0	2.14751062	52.18670148	9.46953612	 0.0
957	59.57	7.70296566	 0.0	2.14762120	55.24044608	9.47852955	 0.0
958	59.58	7.70286029	 0.0	2.14774146	58.29410871	9.48758850	 0.0
959	59.59	7.70275542	 0.0	2.14787113	61.34756128	9.49670198	 0.0
960	59.60	7.70265104	 0.0	2.14800994	64.40074246	9.50585839	 0.0
961	59.61	7.70254732	 0.0	2.14815763	67.45355770	9.51505021	 0.0
962	59.62	7.70244425	 0.0	2.14831389	70.50593671	9.52426581	 0.0
963	59.63	7.70234177	 0.0	2.14847836	73.55798964	9.53349310	 0.0
964	59.64	7.70223976	 0.0	2.14865067	76.60958053	9.54271836	 0.0
965	59.65	7.70213808	 0.0	2.14883045	79.66086256	9.55192785	 0.0
966	59.66	7.70203664	 0.0	2.14901728	82.71217899	9.56110923	 0.0
967	59.67	7.70193547	 0.0	2.14921077	85.76393591	9.57025226	 0.0
968	59.68	7.70183465	 0.0	2.14941051	88.81634013	9.57934882	 0.0
969	59.69	7.70173436	 0.0	2.14961607	91.86974673	9.58839184	 0.0
970	59.70	7.70163473	 0.0	2.14982701	94.92438240	9.59737416	 0.0
971	59.71	7.70153583	 0.0	2.15004285	97.97995651	9.60628699	 0.0
972	59.72	7.70143762	 0.0	2.15026312	101.03575458	9.61511937	 0.0
973	59.73	7.70133999	 0.0	2.15048731	104.09100016	9.62385874	 0.0
974	59.74	7.70124281	 0.0	2.15071492	107.14567682	9.63249291	 0.0
975	59.75	7.70114607	 0.0	2.15094542	110.20032554	9.64101199	 0.0
976	59.76	7.70104988	 0.0	2.15117833	113.25557328	9.64940888	 0.0
977	59.77	7.70095442	 0.0	2.15141313	116.31193324	9.65767843	 0.0
978	59.78	7.70085989	 0.0	2.15164931	119.36988490	9.66581563	 0.0
979	59.79	7.70076641	 0.0	2.15188634	122.42966879	9.67381414	 0.0
980	59.80	7.70067403	 0.0	2.15212369	125.49161211	9.68166662	 0.0
981	59.81	7.70058279	 0.0	2.15236081	128.55564442	9.68936564	 0.0
982	59.82	7.70049273	 0.0	2.15259716	131.62160623	9.69690454	 0.0
983	59.83	7.70040391	 0.0	2.15283224	134.68928355	9.70427720	 0.0
984	59.84	7.70031643	 0.0	2.15306550	137.75858910	9.71147803	 0.0
985	59.85	7.70023036	 0.0	2.15329647	140.82932660	9.71850166	 0.0
986	59.86	7.70014571	 0.0	2.15352462	143.90133521	9.72534127	 0.0
987	59.87	7.70006240	 0.0	2.15374946	146.97459344	9.73198847	 0.0
988	59.88	7.69998028	 0.0	2.15397049	150.04916162	9.73843456	 0.0
989	59.89	7.69989930	 0.0	2.15418720	153.12498534	9.74467310	 0.0
990	59.90	7.69981958	 0.0	2.15439911	156.20203805	9.75070255	 0.0
991	59.91	7.69974146	 0.0	2.15460575	159.27993492	9.75652613	 0.0
992	59.92	7.69966536	 0.0	2.15480668	162.35827714	9.76214933	 0.0
993	59.93	7.69959168	 0.0	2.15500145	165.43675506	9.76757728	 0.0
994	59.94	7.69952075	 0.0	2.15518967	168.51523791	9.77281415	 0.0
995	59.95	7.69945281	 0.0	2.15537094	171.59366819	9.77786285	 0.0
996	59.96	7.69938804	 0.0	2.15554488	174.67191835	9.78272467	 0.0
997	59.97	7.69932653	 0.0	2.15571114	177.75009438	9.78739992	 0.0
998	59.98	7.69926837	 0.0	2.15586939	180.82808815	9.79188927	 0.0
999	59.99	7.69921363	 0.0	2.15601932	183.90583923	9.79619373	 0.0
1000	60.00	7.69916240	 0.0	2.15616064	186.98338739	9.80031472	 0.0
