%FrameNumber	Time	X	Y   Z	Rx  Ry    Rz	
0	50.00	7.75477070	 0.0	-0.01768297	0.00000000	3.43518496	 0.0
1	50.01	7.75463374	 0.0	-0.01757901	0.00000000	3.43550076	 0.0
2	50.02	7.75450042	 0.0	-0.01747537	0.00000000	3.43561309	 0.0
3	50.03	7.75437080	 0.0	-0.01737229	0.00000000	3.43551597	 0.0
4	50.04	7.75424491	 0.0	-0.01727002	0.00000000	3.43520405	 0.0
5	50.05	7.75412277	 0.0	-0.01716882	0.00000000	3.43467209	 0.0
6	50.06	7.75400442	 0.0	-0.01706891	0.00000000	3.43391548	 0.0
7	50.07	7.75388987	 0.0	-0.01697055	0.00000000	3.43293012	 0.0
8	50.08	7.75377910	 0.0	-0.01687400	0.00000000	3.43171217	 0.0
9	50.09	7.75367212	 0.0	-0.01677948	0.00000000	3.43025833	 0.0
10	50.10	7.75356890	 0.0	-0.01668725	0.00000000	3.42856569	 0.0
11	50.11	7.75346941	 0.0	-0.01659755	0.00000000	3.42663173	 0.0
12	50.12	7.75337360	 0.0	-0.01651061	0.00000000	3.42445450	 0.0
13	50.13	7.75328143	 0.0	-0.01642667	0.00000000	3.42203261	 0.0
14	50.14	7.75319282	 0.0	-0.01634596	0.00000000	3.41936509	 0.0
15	50.15	7.75310772	 0.0	-0.01626871	0.00000000	3.41645236	 0.0
16	50.16	7.75302606	 0.0	-0.01619512	0.00000000	3.41329873	 0.0
17	50.17	7.75294775	 0.0	-0.01612542	0.00000000	3.40990458	 0.0
18	50.18	7.75287266	 0.0	-0.01605983	0.00000000	3.40627050	 0.0
19	50.19	7.75280067	 0.0	-0.01599855	0.00000000	3.40239709	 0.0
20	50.20	7.75273167	 0.0	-0.01594178	0.00000000	3.39828558	 0.0
21	50.21	7.75266550	 0.0	-0.01588970	0.00000000	3.39393779	 0.0
22	50.22	7.75260203	 0.0	-0.01584251	0.00000000	3.38935594	 0.0
23	50.23	7.75254110	 0.0	-0.01580038	0.00000000	3.38454195	 0.0
24	50.24	7.75248252	 0.0	-0.01576348	0.00000000	3.37949721	 0.0
25	50.25	7.75242613	 0.0	-0.01573195	0.00000000	3.37422279	 0.0
26	50.26	7.75237171	 0.0	-0.01570597	0.00000000	3.36871930	 0.0
27	50.27	7.75231906	 0.0	-0.01568567	0.00000000	3.36298740	 0.0
28	50.28	7.75226794	 0.0	-0.01567118	0.00000000	3.35702816	 0.0
29	50.29	7.75221814	 0.0	-0.01566263	0.00000000	3.35084501	 0.0
30	50.30	7.75216944	 0.0	-0.01566012	0.00000000	3.34444506	 0.0
31	50.31	7.75212167	 0.0	-0.01566374	0.00000000	3.33783933	 0.0
32	50.32	7.75207464	 0.0	-0.01567361	0.00000000	3.33104110	 0.0
33	50.33	7.75202815	 0.0	-0.01568978	0.00000000	3.32406416	 0.0
34	50.34	7.75198200	 0.0	-0.01571233	0.00000000	3.31692144	 0.0
35	50.35	7.75193598	 0.0	-0.01574130	0.00000000	3.30962553	 0.0
36	50.36	7.75188985	 0.0	-0.01577674	0.00000000	3.30218848	 0.0
37	50.37	7.75184339	 0.0	-0.01581868	0.00000000	3.29462224	 0.0
38	50.38	7.75179636	 0.0	-0.01586714	0.00000000	3.28693889	 0.0
39	50.39	7.75174853	 0.0	-0.01592210	0.00000000	3.27915149	 0.0
40	50.40	7.75169967	 0.0	-0.01598355	0.00000000	3.27127234	 0.0
41	50.41	7.75164952	 0.0	-0.01605147	0.00000000	3.26331353	 0.0
42	50.42	7.75159785	 0.0	-0.01612580	0.00000000	3.25528663	 0.0
43	50.43	7.75154440	 0.0	-0.01620649	0.00000000	3.24720346	 0.0
44	50.44	7.75148890	 0.0	-0.01629347	0.00000000	3.23907649	 0.0
45	50.45	7.75143109	 0.0	-0.01638666	0.00000000	3.23091545	 0.0
46	50.46	7.75137072	 0.0	-0.01648596	0.00000000	3.22273166	 0.0
47	50.47	7.75130756	 0.0	-0.01659124	0.00000000	3.21453885	 0.0
48	50.48	7.75124137	 0.0	-0.01670237	0.00000000	3.20635079	 0.0
49	50.49	7.75117190	 0.0	-0.01681921	0.00000000	3.19818095	 0.0
50	50.50	7.75109891	 0.0	-0.01694160	0.00000000	3.19004270	 0.0
51	50.51	7.75102216	 0.0	-0.01706938	0.00000000	3.18194924	 0.0
52	50.52	7.75094142	 0.0	-0.01720236	0.00000000	3.17391402	 0.0
53	50.53	7.75085646	 0.0	-0.01734035	0.00000000	3.16595075	 0.0
54	50.54	7.75076704	 0.0	-0.01748315	0.00000000	3.15807313	 0.0
55	50.55	7.75067296	 0.0	-0.01763052	0.00000000	3.15029516	 0.0
56	50.56	7.75057399	 0.0	-0.01778223	0.00000000	3.14263072	 0.0
57	50.57	7.75046994	 0.0	-0.01793803	0.00000000	3.13509325	 0.0
58	50.58	7.75036060	 0.0	-0.01809767	0.00000000	3.12769578	 0.0
59	50.59	7.75024577	 0.0	-0.01826088	0.00000000	3.12045086	 0.0
60	50.60	7.75012526	 0.0	-0.01842738	0.00000000	3.11337038	 0.0
61	50.61	7.74999886	 0.0	-0.01859688	0.00000000	3.10646632	 0.0
62	50.62	7.74986641	 0.0	-0.01876908	0.00000000	3.09975024	 0.0
63	50.63	7.74972770	 0.0	-0.01894368	0.00000000	3.09323209	 0.0
64	50.64	7.74958255	 0.0	-0.01912036	0.00000000	3.08691684	 0.0
65	50.65	7.74943080	 0.0	-0.01929879	0.00000000	3.08081222	 0.0
66	50.66	7.74927228	 0.0	-0.01947862	0.00000000	3.07492489	 0.0
67	50.67	7.74910683	 0.0	-0.01965954	0.00000000	3.06926026	 0.0
68	50.68	7.74893432	 0.0	-0.01984119	0.00000000	3.06382308	 0.0
69	50.69	7.74875460	 0.0	-0.02002322	0.00000000	3.05861985	 0.0
70	50.70	7.74856760	 0.0	-0.02020528	0.00000000	3.05366052	 0.0
71	50.71	7.74837326	 0.0	-0.02038700	0.00000000	3.04895861	 0.0
72	50.72	7.74817155	 0.0	-0.02056804	0.00000000	3.04452866	 0.0
73	50.73	7.74796246	 0.0	-0.02074803	0.00000000	3.04038380	 0.0
74	50.74	7.74774597	 0.0	-0.02092659	0.00000000	3.03653577	 0.0
75	50.75	7.74752207	 0.0	-0.02110338	0.00000000	3.03299527	 0.0
76	50.76	7.74729077	 0.0	-0.02127802	0.00000000	3.02977134	 0.0
77	50.77	7.74705208	 0.0	-0.02145016	0.00000000	3.02687169	 0.0
78	50.78	7.74680603	 0.0	-0.02161942	0.00000000	3.02430316	 0.0
79	50.79	7.74655267	 0.0	-0.02178545	0.00000000	3.02207153	 0.0
80	50.80	7.74629205	 0.0	-0.02194788	0.00000000	3.02018173	 0.0
81	50.81	7.74602420	 0.0	-0.02210638	0.00000000	3.01863389	 0.0
82	50.82	7.74574923	 0.0	-0.02226057	0.00000000	3.01742891	 0.0
83	50.83	7.74546721	 0.0	-0.02241013	0.00000000	3.01656800	 0.0
84	50.84	7.74517828	 0.0	-0.02255472	0.00000000	3.01605204	 0.0
85	50.85	7.74488255	 0.0	-0.02269401	0.00000000	3.01588143	 0.0
86	50.86	7.74458017	 0.0	-0.02282768	0.00000000	3.01605558	 0.0
87	50.87	7.74427129	 0.0	-0.02295544	0.00000000	3.01657331	 0.0
88	50.88	7.74395609	 0.0	-0.02307697	0.00000000	3.01743309	 0.0
89	50.89	7.74363475	 0.0	-0.02319198	0.00000000	3.01863275	 0.0
90	50.90	7.74330749	 0.0	-0.02330019	0.00000000	3.02016977	 0.0
91	50.91	7.74297452	 0.0	-0.02340135	0.00000000	3.02204093	 0.0
92	50.92	7.74263609	 0.0	-0.02349518	0.00000000	3.02424229	 0.0
93	50.93	7.74229243	 0.0	-0.02358145	0.00000000	3.02676908	 0.0
94	50.94	7.74194382	 0.0	-0.02365994	0.00000000	3.02961512	 0.0
95	50.95	7.74159052	 0.0	-0.02373041	0.00000000	3.03277369	 0.0
96	50.96	7.74123284	 0.0	-0.02379268	0.00000000	3.03623756	 0.0
97	50.97	7.74087107	 0.0	-0.02384654	0.00000000	3.03999901	 0.0
98	50.98	7.74050552	 0.0	-0.02389181	0.00000000	3.04404948	 0.0
99	50.99	7.74013652	 0.0	-0.02392832	0.00000000	3.04837877	 0.0
100	51.00	7.73976440	 0.0	-0.02395595	0.00000000	3.05297570	 0.0
101	51.01	7.73938949	 0.0	-0.02397457	0.00000000	3.05782840	 0.0
102	51.02	7.73901216	 0.0	-0.02398408	0.00000000	3.06292424	 0.0
103	51.03	7.73863274	 0.0	-0.02398439	0.00000000	3.06824964	 0.0
104	51.04	7.73825159	 0.0	-0.02397542	0.00000000	3.07378930	 0.0
105	51.05	7.73786909	 0.0	-0.02395709	0.00000000	3.07952620	 0.0
106	51.06	7.73748557	 0.0	-0.02392936	0.00000000	3.08544225	 0.0
107	51.07	7.73710142	 0.0	-0.02389220	0.00000000	3.09151787	 0.0
108	51.08	7.73671698	 0.0	-0.02384561	0.00000000	3.09773246	 0.0
109	51.09	7.73633261	 0.0	-0.02378960	0.00000000	3.10406627	 0.0
110	51.10	7.73594871	 0.0	-0.02372421	0.00000000	3.11050112	 0.0
111	51.11	7.73556566	 0.0	-0.02364951	0.00000000	3.11702137	 0.0
112	51.12	7.73518390	 0.0	-0.02356556	0.00000000	3.12361300	 0.0
113	51.13	7.73480384	 0.0	-0.02347248	0.00000000	3.13026276	 0.0
114	51.14	7.73442589	 0.0	-0.02337037	0.00000000	3.13695590	 0.0
115	51.15	7.73405046	 0.0	-0.02325938	0.00000000	3.14367647	 0.0
116	51.16	7.73367795	 0.0	-0.02313965	0.00000000	3.15040761	 0.0
117	51.17	7.73330874	 0.0	-0.02301136	0.00000000	3.15713145	 0.0
118	51.18	7.73294320	 0.0	-0.02287469	0.00000000	3.16382944	 0.0
119	51.19	7.73258173	 0.0	-0.02272985	0.00000000	3.17048264	 0.0
120	51.20	7.73222468	 0.0	-0.02257709	0.00000000	3.17707170	 0.0
121	51.21	7.73187243	 0.0	-0.02241665	0.00000000	3.18357665	 0.0
122	51.22	7.73152534	 0.0	-0.02224879	0.00000000	3.18997790	 0.0
123	51.23	7.73118375	 0.0	-0.02207382	0.00000000	3.19625574	 0.0
124	51.24	7.73084802	 0.0	-0.02189203	0.00000000	3.20239020	 0.0
125	51.25	7.73051846	 0.0	-0.02170374	0.00000000	3.20836166	 0.0
126	51.26	7.73019540	 0.0	-0.02150930	0.00000000	3.21415132	 0.0
127	51.27	7.72987915	 0.0	-0.02130904	0.00000000	3.21973990	 0.0
128	51.28	7.72957001	 0.0	-0.02110335	0.00000000	3.22510867	 0.0
129	51.29	7.72926828	 0.0	-0.02089260	0.00000000	3.23023904	 0.0
130	51.30	7.72897421	 0.0	-0.02067721	0.00000000	3.23511285	 0.0
131	51.31	7.72868809	 0.0	-0.02045758	0.00000000	3.23971243	 0.0
132	51.32	7.72841018	 0.0	-0.02023413	0.00000000	3.24402462	 0.0
133	51.33	7.72814072	 0.0	-0.02000732	0.00000000	3.24803365	 0.0
134	51.34	7.72787994	 0.0	-0.01977760	0.00000000	3.25172399	 0.0
135	51.35	7.72762804	 0.0	-0.01954542	0.00000000	3.25508007	 0.0
136	51.36	7.72738521	 0.0	-0.01931126	0.00000000	3.25808692	 0.0
137	51.37	7.72715165	 0.0	-0.01907559	0.00000000	3.26073005	 0.0
138	51.38	7.72692751	 0.0	-0.01883892	0.00000000	3.26299549	 0.0
139	51.39	7.72671294	 0.0	-0.01860174	0.00000000	3.26487036	 0.0
140	51.40	7.72650807	 0.0	-0.01836454	0.00000000	3.26634227	 0.0
141	51.41	7.72631301	 0.0	-0.01812783	0.00000000	3.26739942	 0.0
142	51.42	7.72612784	 0.0	-0.01789212	0.00000000	3.26803033	 0.0
143	51.43	7.72595264	 0.0	-0.01765793	0.00000000	3.26822473	 0.0
144	51.44	7.72578746	 0.0	-0.01742576	0.00000000	3.26797289	 0.0
145	51.45	7.72563232	 0.0	-0.01719615	0.00000000	3.26726566	 0.0
146	51.46	7.72548724	 0.0	-0.01696961	0.00000000	3.26609376	 0.0
147	51.47	7.72535218	 0.0	-0.01674668	0.00000000	3.26444832	 0.0
148	51.48	7.72522712	 0.0	-0.01652785	0.00000000	3.26232113	 0.0
149	51.49	7.72511198	 0.0	-0.01631366	0.00000000	3.25970447	 0.0
150	51.50	7.72500667	 0.0	-0.01610461	0.00000000	3.25659131	 0.0
151	51.51	7.72491107	 0.0	-0.01590120	0.00000000	3.25297627	 0.0
152	51.52	7.72482505	 0.0	-0.01570394	0.00000000	3.24885674	 0.0
153	51.53	7.72474851	 0.0	-0.01551331	0.00000000	3.24423441	 0.0
154	51.54	7.72468132	 0.0	-0.01532980	0.00000000	3.23911434	 0.0
155	51.55	7.72462332	 0.0	-0.01515388	0.00000000	3.23350321	 0.0
156	51.56	7.72457435	 0.0	-0.01498603	0.00000000	3.22740746	 0.0
157	51.57	7.72453424	 0.0	-0.01482667	0.00000000	3.22083736	 0.0
158	51.58	7.72450273	 0.0	-0.01467627	0.00000000	3.21380021	 0.0
159	51.59	7.72447959	 0.0	-0.01453525	0.00000000	3.20630289	 0.0
160	51.60	7.72446453	 0.0	-0.01440401	0.00000000	3.19835258	 0.0
161	51.61	7.72445728	 0.0	-0.01428294	0.00000000	3.18995765	 0.0
162	51.62	7.72445751	 0.0	-0.01417241	0.00000000	3.18112727	 0.0
163	51.63	7.72446490	 0.0	-0.01407278	0.00000000	3.17187171	 0.0
164	51.64	7.72447910	 0.0	-0.01398438	0.00000000	3.16220171	 0.0
165	51.65	7.72449972	 0.0	-0.01390754	0.00000000	3.15212850	 0.0
166	51.66	7.72452637	 0.0	-0.01384257	0.00000000	3.14166330	 0.0
167	51.67	7.72455866	 0.0	-0.01378976	0.00000000	3.13082096	 0.0
168	51.68	7.72459618	 0.0	-0.01374936	0.00000000	3.11961566	 0.0
169	51.69	7.72463848	 0.0	-0.01372162	0.00000000	3.10806236	 0.0
170	51.70	7.72468510	 0.0	-0.01370677	0.00000000	3.09617613	 0.0
171	51.71	7.72473555	 0.0	-0.01370500	0.00000000	3.08397181	 0.0
172	51.72	7.72478934	 0.0	-0.01371649	0.00000000	3.07146578	 0.0
173	51.73	7.72484599	 0.0	-0.01374138	0.00000000	3.05867599	 0.0
174	51.74	7.72490499	 0.0	-0.01377979	0.00000000	3.04562207	 0.0
175	51.75	7.72496586	 0.0	-0.01383180	0.00000000	3.03232446	 0.0
176	51.76	7.72502807	 0.0	-0.01389748	0.00000000	3.01880434	 0.0
177	51.77	7.72509110	 0.0	-0.01397687	0.00000000	3.00508243	 0.0
178	51.78	7.72515437	 0.0	-0.01406998	0.00000000	2.99117740	 0.0
179	51.79	7.72521733	 0.0	-0.01417682	0.00000000	2.97711019	 0.0
180	51.80	7.72527943	 0.0	-0.01429737	0.00000000	2.96290400	 0.0
181	51.81	7.72534012	 0.0	-0.01443158	0.00000000	2.94858178	 0.0
182	51.82	7.72539883	 0.0	-0.01457933	0.00000000	2.93416674	 0.0
183	51.83	7.72545502	 0.0	-0.01474048	0.00000000	2.91968302	 0.0
184	51.84	7.72550812	 0.0	-0.01491488	0.00000000	2.90515552	 0.0
185	51.85	7.72555755	 0.0	-0.01510235	0.00000000	2.89060870	 0.0
186	51.86	7.72560273	 0.0	-0.01530267	0.00000000	2.87606606	 0.0
187	51.87	7.72564308	 0.0	-0.01551561	0.00000000	2.86154909	 0.0
188	51.88	7.72567799	 0.0	-0.01574089	0.00000000	2.84707921	 0.0
189	51.89	7.72570687	 0.0	-0.01597822	0.00000000	2.83267788	 0.0
190	51.90	7.72572915	 0.0	-0.01622727	0.00000000	2.81836626	 0.0
191	51.91	7.72574423	 0.0	-0.01648767	0.00000000	2.80416496	 0.0
192	51.92	7.72575156	 0.0	-0.01675902	0.00000000	2.79009574	 0.0
193	51.93	7.72575058	 0.0	-0.01704092	0.00000000	2.77618185	 0.0
194	51.94	7.72574076	 0.0	-0.01733292	0.00000000	2.76244962	 0.0
195	51.95	7.72572159	 0.0	-0.01763458	0.00000000	2.74892659	 0.0
196	51.96	7.72569258	 0.0	-0.01794539	0.00000000	2.73564139	 0.0
197	51.97	7.72565324	 0.0	-0.01826484	0.00000000	2.72262218	 0.0
198	51.98	7.72560308	 0.0	-0.01859240	0.00000000	2.70989629	 0.0
199	51.99	7.72554164	 0.0	-0.01892749	0.00000000	2.69749047	 0.0
200	52.00	7.72546844	 0.0	-0.01926954	0.00000000	2.68543082	 0.0
201	52.01	7.72538302	 0.0	-0.01961794	0.00000000	2.67374213	 0.0
202	52.02	7.72528494	 0.0	-0.01997207	0.00000000	2.66244828	 0.0
203	52.03	7.72517375	 0.0	-0.02033128	0.00000000	2.65157172	 0.0
204	52.04	7.72504900	 0.0	-0.02069491	0.00000000	2.64113437	 0.0
205	52.05	7.72491030	 0.0	-0.02106230	0.00000000	2.63115772	 0.0
206	52.06	7.72475724	 0.0	-0.02143274	0.00000000	2.62166145	 0.0
207	52.07	7.72458945	 0.0	-0.02180553	0.00000000	2.61266193	 0.0
208	52.08	7.72440662	 0.0	-0.02217996	0.00000000	2.60417782	 0.0
209	52.09	7.72420843	 0.0	-0.02255530	0.00000000	2.59622634	 0.0
210	52.10	7.72399463	 0.0	-0.02293080	0.00000000	2.58882476	 0.0
211	52.11	7.72376494	 0.0	-0.02330572	0.00000000	2.58198932	 0.0
212	52.12	7.72351916	 0.0	-0.02367930	0.00000000	2.57573454	 0.0
213	52.13	7.72325709	 0.0	-0.02405078	0.00000000	2.57007430	 0.0
214	52.14	7.72297857	 0.0	-0.02441941	0.00000000	2.56502202	 0.0
215	52.15	7.72268348	 0.0	-0.02478441	0.00000000	2.56059064	 0.0
216	52.16	7.72237170	 0.0	-0.02514500	0.00000000	2.55679236	 0.0
217	52.17	7.72204319	 0.0	-0.02550040	0.00000000	2.55363832	 0.0
218	52.18	7.72169792	 0.0	-0.02584986	0.00000000	2.55113936	 0.0
219	52.19	7.72133591	 0.0	-0.02619261	0.00000000	2.54930490	 0.0
220	52.20	7.72095721	 0.0	-0.02652789	0.00000000	2.54814343	 0.0
221	52.21	7.72056191	 0.0	-0.02685494	0.00000000	2.54766143	 0.0
222	52.22	7.72015015	 0.0	-0.02717302	0.00000000	2.54786427	 0.0
223	52.23	7.71972210	 0.0	-0.02748139	0.00000000	2.54875620	 0.0
224	52.24	7.71927798	 0.0	-0.02777933	0.00000000	2.55034084	 0.0
225	52.25	7.71881803	 0.0	-0.02806611	0.00000000	2.55262105	 0.0
226	52.26	7.71834256	 0.0	-0.02834103	0.00000000	2.55559838	 0.0
227	52.27	7.71785188	 0.0	-0.02860342	0.00000000	2.55927239	 0.0
228	52.28	7.71734636	 0.0	-0.02885260	0.00000000	2.56364125	 0.0
229	52.29	7.71682639	 0.0	-0.02908795	0.00000000	2.56870174	 0.0
230	52.30	7.71629240	 0.0	-0.02930881	0.00000000	2.57444990	 0.0
231	52.31	7.71574486	 0.0	-0.02951458	0.00000000	2.58087987	 0.0
232	52.32	7.71518428	 0.0	-0.02970467	0.00000000	2.58798430	 0.0
233	52.33	7.71461120	 0.0	-0.02987849	0.00000000	2.59575713	 0.0
234	52.34	7.71402624	 0.0	-0.03003550	0.00000000	2.60419465	 0.0
235	52.35	7.71343008	 0.0	-0.03017515	0.00000000	2.61329323	 0.0
236	52.36	7.71282344	 0.0	-0.03029694	0.00000000	2.62304949	 0.0
237	52.37	7.71220706	 0.0	-0.03040037	0.00000000	2.63345797	 0.0
238	52.38	7.71158171	 0.0	-0.03048499	0.00000000	2.64451038	 0.0
239	52.39	7.71094821	 0.0	-0.03055039	0.00000000	2.65619710	 0.0
240	52.40	7.71030741	 0.0	-0.03059615	0.00000000	2.66850779	 0.0
241	52.41	7.70966016	 0.0	-0.03062190	0.00000000	2.68143029	 0.0
242	52.42	7.70900739	 0.0	-0.03062729	0.00000000	2.69495085	 0.0
243	52.43	7.70835000	 0.0	-0.03061200	0.00000000	2.70905464	 0.0
244	52.44	7.70768897	 0.0	-0.03057575	0.00000000	2.72372624	 0.0
245	52.45	7.70702527	 0.0	-0.03051825	0.00000000	2.73894700	 0.0
246	52.46	7.70635990	 0.0	-0.03043928	0.00000000	2.75469616	 0.0
247	52.47	7.70569388	 0.0	-0.03033866	0.00000000	2.77095160	 0.0
248	52.48	7.70502827	 0.0	-0.03021625	0.00000000	2.78769009	 0.0
249	52.49	7.70436414	 0.0	-0.03007193	0.00000000	2.80488758	 0.0
250	52.50	7.70370255	 0.0	-0.02990565	0.00000000	2.82251884	 0.0
251	52.51	7.70304459	 0.0	-0.02971737	0.00000000	2.84055663	 0.0
252	52.52	7.70239137	 0.0	-0.02950710	0.00000000	2.85897236	 0.0
253	52.53	7.70174399	 0.0	-0.02927491	0.00000000	2.87773564	 0.0
254	52.54	7.70110356	 0.0	-0.02902086	0.00000000	2.89681662	 0.0
255	52.55	7.70047122	 0.0	-0.02874509	0.00000000	2.91618328	 0.0
256	52.56	7.69984811	 0.0	-0.02844777	0.00000000	2.93580214	 0.0
257	52.57	7.69923536	 0.0	-0.02812911	0.00000000	2.95563965	 0.0
258	52.58	7.69863411	 0.0	-0.02778940	0.00000000	2.97566104	 0.0
259	52.59	7.69804550	 0.0	-0.02742892	0.00000000	2.99583070	 0.0
260	52.60	7.69747065	 0.0	-0.02704805	0.00000000	3.01611115	 0.0
261	52.61	7.69691071	 0.0	-0.02664720	0.00000000	3.03646364	 0.0
262	52.62	7.69636676	 0.0	-0.02622681	0.00000000	3.05684845	 0.0
263	52.63	7.69583990	 0.0	-0.02578738	0.00000000	3.07722490	 0.0
264	52.64	7.69533116	 0.0	-0.02532946	0.00000000	3.09755190	 0.0
265	52.65	7.69484158	 0.0	-0.02485363	0.00000000	3.11778726	 0.0
266	52.66	7.69437214	 0.0	-0.02436053	0.00000000	3.13788725	 0.0
267	52.67	7.69392380	 0.0	-0.02385085	0.00000000	3.15780800	 0.0
268	52.68	7.69349748	 0.0	-0.02332530	0.00000000	3.17750467	 0.0
269	52.69	7.69309408	 0.0	-0.02278466	0.00000000	3.19693069	 0.0
270	52.70	7.69271445	 0.0	-0.02222975	0.00000000	3.21603809	 0.0
271	52.71	7.69235940	 0.0	-0.02166144	0.00000000	3.23477726	 0.0
272	52.72	7.69202968	 0.0	-0.02108063	0.00000000	3.25309688	 0.0
273	52.73	7.69172602	 0.0	-0.02048829	0.00000000	3.27094516	 0.0
274	52.74	7.69144907	 0.0	-0.01988539	0.00000000	3.28826912	 0.0
275	52.75	7.69119944	 0.0	-0.01927297	0.00000000	3.30501466	 0.0
276	52.76	7.69097764	 0.0	-0.01865211	0.00000000	3.32112713	 0.0
277	52.77	7.69078416	 0.0	-0.01802390	0.00000000	3.33655304	 0.0
278	52.78	7.69061942	 0.0	-0.01738949	0.00000000	3.35124107	 0.0
279	52.79	7.69048378	 0.0	-0.01675003	0.00000000	3.36514062	 0.0
280	52.80	7.69037754	 0.0	-0.01610675	0.00000000	3.37820191	 0.0
281	52.81	7.69030093	 0.0	-0.01546089	0.00000000	3.39037663	 0.0
282	52.82	7.69025412	 0.0	-0.01481373	0.00000000	3.40161551	 0.0
283	52.83	7.69023718	 0.0	-0.01416659	0.00000000	3.41186959	 0.0
284	52.84	7.69025016	 0.0	-0.01352078	0.00000000	3.42109058	 0.0
285	52.85	7.69029302	 0.0	-0.01287768	0.00000000	3.42923028	 0.0
286	52.86	7.69036556	 0.0	-0.01223864	0.00000000	3.43624195	 0.0
287	52.87	7.69046759	 0.0	-0.01160505	0.00000000	3.44207951	 0.0
288	52.88	7.69059888	 0.0	-0.01097831	0.00000000	3.44669856	 0.0
289	52.89	7.69075903	 0.0	-0.01035986	0.00000000	3.45005626	 0.0
290	52.90	7.69094754	 0.0	-0.00975109	0.00000000	3.45211174	 0.0
291	52.91	7.69116387	 0.0	-0.00915346	0.00000000	3.45282569	 0.0
292	52.92	7.69140735	 0.0	-0.00856839	0.00000000	3.45216071	 0.0
293	52.93	7.69167730	 0.0	-0.00799731	0.00000000	3.45008181	 0.0
294	52.94	7.69197293	 0.0	-0.00744165	0.00000000	3.44655708	 0.0
295	52.95	7.69229342	 0.0	-0.00690283	0.00000000	3.44155834	 0.0
296	52.96	7.69263788	 0.0	-0.00638223	0.00000000	3.43506045	 0.0
297	52.97	7.69300534	 0.0	-0.00588124	0.00000000	3.42704235	 0.0
298	52.98	7.69339482	 0.0	-0.00540120	0.00000000	3.41748592	 0.0
299	52.99	7.69380536	 0.0	-0.00494345	0.00000000	3.40637557	 0.0
300	53.00	7.69423597	 0.0	-0.00450928	0.00000000	3.39370046	 0.0
301	53.01	7.69468562	 0.0	-0.00409995	0.00000000	3.37945175	 0.0
302	53.02	7.69515320	 0.0	-0.00371672	0.00000000	3.36362318	 0.0
303	53.03	7.69563746	 0.0	-0.00336081	0.00000000	3.34621100	 0.0
304	53.04	7.69613724	 0.0	-0.00303339	0.00000000	3.32721645	 0.0
305	53.05	7.69665146	 0.0	-0.00273565	0.00000000	3.30664256	 0.0
306	53.06	7.69717903	 0.0	-0.00246873	0.00000000	3.28449598	 0.0
307	53.07	7.69771872	 0.0	-0.00223372	0.00000000	3.26078857	 0.0
308	53.08	7.69826922	 0.0	-0.00203170	0.00000000	3.23553768	 0.0
309	53.09	7.69882931	 0.0	-0.00186369	0.00000000	3.20876412	 0.0
310	53.10	7.69939781	 0.0	-0.00173072	0.00000000	3.18049277	 0.0
311	53.11	7.69997334	 0.0	-0.00163371	0.00000000	3.15075521	 0.0
312	53.12	7.70055456	 0.0	-0.00157355	0.00000000	3.11958655	 0.0
313	53.13	7.70114013	 0.0	-0.00155110	0.00000000	3.08702479	 0.0
314	53.14	7.70172868	 0.0	-0.00156712	0.00000000	3.05311257	 0.0
315	53.15	7.70231870	 0.0	-0.00162231	0.00000000	3.01789505	 0.0
316	53.16	7.70290882	 0.0	-0.00171733	0.00000000	2.98141758	 0.0
317	53.17	7.70349760	 0.0	-0.00185278	0.00000000	2.94372823	 0.0
318	53.18	7.70408353	 0.0	-0.00202926	0.00000000	2.90487795	 0.0
319	53.19	7.70466507	 0.0	-0.00224729	0.00000000	2.86491994	 0.0
320	53.20	7.70524075	 0.0	-0.00250735	0.00000000	2.82390897	 0.0
321	53.21	7.70580911	 0.0	-0.00280982	0.00000000	2.78190722	 0.0
322	53.22	7.70636885	 0.0	-0.00315502	0.00000000	2.73898566	 0.0
323	53.23	7.70691875	 0.0	-0.00354316	0.00000000	2.69521954	 0.0
324	53.24	7.70745761	 0.0	-0.00397431	0.00000000	2.65069209	 0.0
325	53.25	7.70798432	 0.0	-0.00444848	0.00000000	2.60548911	 0.0
326	53.26	7.70849780	 0.0	-0.00496555	0.00000000	2.55969721	 0.0
327	53.27	7.70899700	 0.0	-0.00552528	0.00000000	2.51340918	 0.0
328	53.28	7.70948097	 0.0	-0.00612725	0.00000000	2.46672231	 0.0
329	53.29	7.70994881	 0.0	-0.00677088	0.00000000	2.41974081	 0.0
330	53.30	7.71039966	 0.0	-0.00745548	0.00000000	2.37257543	 0.0
331	53.31	7.71083268	 0.0	-0.00818019	0.00000000	2.32534066	 0.0
332	53.32	7.71124711	 0.0	-0.00894403	0.00000000	2.27815731	 0.0
333	53.33	7.71164214	 0.0	-0.00974588	0.00000000	2.23115101	 0.0
334	53.34	7.71201698	 0.0	-0.01058448	0.00000000	2.18444856	 0.0
335	53.35	7.71237090	 0.0	-0.01145845	0.00000000	2.13818151	 0.0
336	53.36	7.71270316	 0.0	-0.01236624	0.00000000	2.09248453	 0.0
337	53.37	7.71301310	 0.0	-0.01330620	0.00000000	2.04749323	 0.0
338	53.38	7.71329983	 0.0	-0.01427636	0.00000000	2.00332941	 0.0
339	53.39	7.71356255	 0.0	-0.01527498	0.00000000	1.96013955	 0.0
340	53.40	7.71380042	 0.0	-0.01630026	0.00000000	1.91807281	 0.0
341	53.41	7.71401246	 0.0	-0.01735014	0.00000000	1.87726175	 0.0
342	53.42	7.71419763	 0.0	-0.01842239	0.00000000	1.83783064	 0.0
343	53.43	7.71435487	 0.0	-0.01951478	0.00000000	1.79990419	 0.0
344	53.44	7.71448320	 0.0	-0.02062505	0.00000000	1.76361356	 0.0
345	53.45	7.71458173	 0.0	-0.02175082	0.00000000	1.72909348	 0.0
346	53.46	7.71464946	 0.0	-0.02288970	0.00000000	1.69645828	 0.0
347	53.47	7.71468536	 0.0	-0.02403923	0.00000000	1.66581583	 0.0
348	53.48	7.71468835	 0.0	-0.02519697	0.00000000	1.63726577	 0.0
349	53.49	7.71465752	 0.0	-0.02636040	0.00000000	1.61090443	 0.0
350	53.50	7.71459201	 0.0	-0.02752694	0.00000000	1.58682481	 0.0
351	53.51	7.71449110	 0.0	-0.02869395	0.00000000	1.56511727	 0.0
352	53.52	7.71435416	 0.0	-0.02985871	0.00000000	1.54586883	 0.0
353	53.53	7.71418070	 0.0	-0.03101848	0.00000000	1.52916002	 0.0
354	53.54	7.71397024	 0.0	-0.03217050	0.00000000	1.51506461	 0.0
355	53.55	7.71372236	 0.0	-0.03331201	0.00000000	1.50364460	 0.0
356	53.56	7.71343668	 0.0	-0.03444027	0.00000000	1.49495518	 0.0
357	53.57	7.71311294	 0.0	-0.03555249	0.00000000	1.48904819	 0.0
358	53.58	7.71275097	 0.0	-0.03664591	0.00000000	1.48597114	 0.0
359	53.59	7.71235073	 0.0	-0.03771777	0.00000000	1.48577147	 0.0
360	53.60	7.71191228	 0.0	-0.03876533	0.00000000	1.48848949	 0.0
361	53.61	7.71143574	 0.0	-0.03978592	0.00000000	1.49415377	 0.0
362	53.62	7.71092131	 0.0	-0.04077687	0.00000000	1.50278613	 0.0
363	53.63	7.71036937	 0.0	-0.04173553	0.00000000	1.51440493	 0.0
364	53.64	7.70978033	 0.0	-0.04265928	0.00000000	1.52902215	 0.0
365	53.65	7.70915472	 0.0	-0.04354553	0.00000000	1.54664396	 0.0
366	53.66	7.70849316	 0.0	-0.04439178	0.00000000	1.56726950	 0.0
367	53.67	7.70779636	 0.0	-0.04519561	0.00000000	1.59089031	 0.0
368	53.68	7.70706513	 0.0	-0.04595465	0.00000000	1.61749209	 0.0
369	53.69	7.70630035	 0.0	-0.04666664	0.00000000	1.64705498	 0.0
370	53.70	7.70550298	 0.0	-0.04732940	0.00000000	1.67955178	 0.0
371	53.71	7.70467410	 0.0	-0.04794083	0.00000000	1.71494904	 0.0
372	53.72	7.70381490	 0.0	-0.04849891	0.00000000	1.75320773	 0.0
373	53.73	7.70292662	 0.0	-0.04900169	0.00000000	1.79428469	 0.0
374	53.74	7.70201061	 0.0	-0.04944730	0.00000000	1.83812841	 0.0
375	53.75	7.70106831	 0.0	-0.04983400	0.00000000	1.88467872	 0.0
376	53.76	7.70010121	 0.0	-0.05016015	0.00000000	1.93386452	 0.0
377	53.77	7.69911091	 0.0	-0.05042425	0.00000000	1.98560641	 0.0
378	53.78	7.69809910	 0.0	-0.05062491	0.00000000	2.03981767	 0.0
379	53.79	7.69706755	 0.0	-0.05076089	0.00000000	2.09640270	 0.0
380	53.80	7.69601809	 0.0	-0.05083108	0.00000000	2.15525976	 0.0
381	53.81	7.69495263	 0.0	-0.05083453	0.00000000	2.21627877	 0.0
382	53.82	7.69387312	 0.0	-0.05077043	0.00000000	2.27934536	 0.0
383	53.83	7.69278155	 0.0	-0.05063814	0.00000000	2.34433592	 0.0
384	53.84	7.69167995	 0.0	-0.05043724	0.00000000	2.41111315	 0.0
385	53.85	7.69057036	 0.0	-0.05016742	0.00000000	2.47953319	 0.0
386	53.86	7.68945485	 0.0	-0.04982854	0.00000000	2.54944639	 0.0
387	53.87	7.68833554	 0.0	-0.04942057	0.00000000	2.62069221	 0.0
388	53.88	7.68721458	 0.0	-0.04894369	0.00000000	2.69310066	 0.0
389	53.89	7.68609411	 0.0	-0.04839824	0.00000000	2.76649684	 0.0
390	53.90	7.68497625	 0.0	-0.04778470	0.00000000	2.84069657	 0.0
391	53.91	7.68386314	 0.0	-0.04710365	0.00000000	2.91550651	 0.0
392	53.92	7.68275699	 0.0	-0.04635578	0.00000000	2.99072664	 0.0
393	53.93	7.68165999	 0.0	-0.04554213	0.00000000	3.06615997	 0.0
394	53.94	7.68057430	 0.0	-0.04466386	0.00000000	3.14160578	 0.0
395	53.95	7.67950202	 0.0	-0.04372230	0.00000000	3.21685700	 0.0
396	53.96	7.67844528	 0.0	-0.04271897	0.00000000	3.29170357	 0.0
397	53.97	7.67740621	 0.0	-0.04165547	0.00000000	3.36593145	 0.0
398	53.98	7.67638692	 0.0	-0.04053356	0.00000000	3.43932624	 0.0
399	53.99	7.67538947	 0.0	-0.03935519	0.00000000	3.51167409	 0.0
400	54.00	7.67441579	 0.0	-0.03812240	0.00000000	3.58275966	 0.0
401	54.01	7.67346770	 0.0	-0.03683736	0.00000000	3.65236801	 0.0
402	54.02	7.67254701	 0.0	-0.03550238	0.00000000	3.72028562	 0.0
403	54.03	7.67165557	 0.0	-0.03411991	0.00000000	3.78630071	 0.0
404	54.04	7.67079523	 0.0	-0.03269251	0.00000000	3.85020723	 0.0
405	54.05	7.66996793	 0.0	-0.03122288	0.00000000	3.91180600	 0.0
406	54.06	7.66917560	 0.0	-0.02971380	0.00000000	3.97090411	 0.0
407	54.07	7.66842021	 0.0	-0.02816816	0.00000000	4.02731240	 0.0
408	54.08	7.66770368	 0.0	-0.02658898	0.00000000	4.08084785	 0.0
409	54.09	7.66702786	 0.0	-0.02497937	0.00000000	4.13133539	 0.0
410	54.10	7.66639469	 0.0	-0.02334250	0.00000000	4.17861159	 0.0
411	54.11	7.66580605	 0.0	-0.02168166	0.00000000	4.22252102	 0.0
412	54.12	7.66526379	 0.0	-0.02000023	0.00000000	4.26291704	 0.0
413	54.13	7.66476979	 0.0	-0.01830162	0.00000000	4.29966663	 0.0
414	54.14	7.66432583	 0.0	-0.01658930	0.00000000	4.33264661	 0.0
415	54.15	7.66393389	 0.0	-0.01486682	0.00000000	4.36174848	 0.0
416	54.16	7.66359614	 0.0	-0.01313777	0.00000000	4.38687777	 0.0
417	54.17	7.66331478	 0.0	-0.01140580	0.00000000	4.40795241	 0.0
418	54.18	7.66309194	 0.0	-0.00967458	0.00000000	4.42490550	 0.0
419	54.19	7.66292987	 0.0	-0.00794784	0.00000000	4.43768461	 0.0
420	54.20	7.66283062	 0.0	-0.00622933	0.00000000	4.44625109	 0.0
421	54.21	7.66279596	 0.0	-0.00452280	0.00000000	4.45057701	 0.0
422	54.22	7.66282785	 0.0	-0.00283203	0.00000000	4.45064831	 0.0
423	54.23	7.66292793	 0.0	-0.00116077	0.00000000	4.44646731	 0.0
424	54.24	7.66309778	 0.0	0.00048721	0.00000000	4.43805083	 0.0
425	54.25	7.66333918	 0.0	0.00210812	0.00000000	4.42542947	 0.0
426	54.26	7.66365320	 0.0	0.00369814	0.00000000	4.40864250	 0.0
427	54.27	7.66404075	 0.0	0.00525342	0.00000000	4.38773483	 0.0
428	54.28	7.66450247	 0.0	0.00677014	0.00000000	4.36276394	 0.0
429	54.29	7.66503895	 0.0	0.00824459	0.00000000	4.33380947	 0.0
430	54.30	7.66565085	 0.0	0.00967300	0.00000000	4.30095858	 0.0
431	54.31	7.66633843	 0.0	0.01105162	0.00000000	4.26430494	 0.0
432	54.32	7.66710131	 0.0	0.01237677	0.00000000	4.22394801	 0.0
433	54.33	7.66793903	 0.0	0.01364486	0.00000000	4.17999684	 0.0
434	54.34	7.66885100	 0.0	0.01485235	0.00000000	4.13257031	 0.0
435	54.35	7.66983633	 0.0	0.01599594	0.00000000	4.08179688	 0.0
436	54.36	7.67089381	 0.0	0.01707239	0.00000000	4.02780411	 0.0
437	54.37	7.67202166	 0.0	0.01807855	0.00000000	3.97071521	 0.0
438	54.38	7.67321775	 0.0	0.01901138	0.00000000	3.91066205	 0.0
439	54.39	7.67447984	 0.0	0.01986798	0.00000000	3.84777912	 0.0
440	54.40	7.67580579	 0.0	0.02064550	0.00000000	3.78220078	 0.0
441	54.41	7.67719332	 0.0	0.02134127	0.00000000	3.71406988	 0.0
442	54.42	7.67863993	 0.0	0.02195284	0.00000000	3.64353931	 0.0
443	54.43	7.68014306	 0.0	0.02247792	0.00000000	3.57077171	 0.0
444	54.44	7.68170011	 0.0	0.02291439	0.00000000	3.49593292	 0.0
445	54.45	7.68330846	 0.0	0.02326026	0.00000000	3.41919115	 0.0
446	54.46	7.68496548	 0.0	0.02351383	0.00000000	3.34072936	 0.0
447	54.47	7.68666863	 0.0	0.02367371	0.00000000	3.26074964	 0.0
448	54.48	7.68841537	 0.0	0.02373891	0.00000000	3.17947534	 0.0
449	54.49	7.69020293	 0.0	0.02370880	0.00000000	3.09712933	 0.0
450	54.50	7.69202843	 0.0	0.02358306	0.00000000	3.01393936	 0.0
451	54.51	7.69388920	 0.0	0.02336167	0.00000000	2.93014025	 0.0
452	54.52	7.69578267	 0.0	0.02304490	0.00000000	2.84596964	 0.0
453	54.53	7.69770613	 0.0	0.02263335	0.00000000	2.76166109	 0.0
454	54.54	7.69965677	 0.0	0.02212800	0.00000000	2.67744842	 0.0
455	54.55	7.70163195	 0.0	0.02153019	0.00000000	2.59356378	 0.0
456	54.56	7.70362858	 0.0	0.02084156	0.00000000	2.51023332	 0.0
457	54.57	7.70564350	 0.0	0.02006416	0.00000000	2.42767450	 0.0
458	54.58	7.70767361	 0.0	0.01920060	0.00000000	2.34607868	 0.0
459	54.59	7.70971522	 0.0	0.01825387	0.00000000	2.26562062	 0.0
460	54.60	7.71176430	 0.0	0.01722634	0.00000000	2.18653216	 0.0
461	54.61	7.71381657	 0.0	0.01612111	0.00000000	2.10900206	 0.0
462	54.62	7.71586721	 0.0	0.01494201	0.00000000	2.03316865	 0.0
463	54.63	7.71791102	 0.0	0.01369310	0.00000000	1.95916032	 0.0
464	54.64	7.71994301	 0.0	0.01237828	0.00000000	1.88711669	 0.0
465	54.65	7.72195792	 0.0	0.01100158	0.00000000	1.81717297	 0.0
466	54.66	7.72394990	 0.0	0.00956730	0.00000000	1.74944368	 0.0
467	54.67	7.72591274	 0.0	0.00808055	0.00000000	1.68397143	 0.0
468	54.68	7.72784052	 0.0	0.00654562	0.00000000	1.62085033	 0.0
469	54.69	7.72972784	 0.0	0.00496592	0.00000000	1.56025603	 0.0
470	54.70	7.73156894	 0.0	0.00334574	0.00000000	1.50229136	 0.0
471	54.71	7.73335781	 0.0	0.00168983	0.00000000	1.44700283	 0.0
472	54.72	7.73508871	 0.0	0.00000276	0.00000000	1.39443961	 0.0
473	54.73	7.73675663	 0.0	-0.00171135	0.00000000	1.34467817	 0.0
474	54.74	7.73835696	 0.0	-0.00344841	0.00000000	1.29779405	 0.0
475	54.75	7.73988549	 0.0	-0.00520413	0.00000000	1.25384031	 0.0
476	54.76	7.74133819	 0.0	-0.00697414	0.00000000	1.21285853	 0.0
477	54.77	7.74271136	 0.0	-0.00875417	0.00000000	1.17489006	 0.0
478	54.78	7.74400183	 0.0	-0.01054007	0.00000000	1.13997786	 0.0
479	54.79	7.74520680	 0.0	-0.01232769	0.00000000	1.10815778	 0.0
480	54.80	7.74632402	 0.0	-0.01411293	0.00000000	1.07946174	 0.0
481	54.81	7.74735178	 0.0	-0.01589173	0.00000000	1.05391826	 0.0
482	54.82	7.74828851	 0.0	-0.01766013	0.00000000	1.03154864	 0.0
483	54.83	7.74913286	 0.0	-0.01941428	0.00000000	1.01236429	 0.0
484	54.84	7.74988393	 0.0	-0.02115043	0.00000000	0.99637105	 0.0
485	54.85	7.75054113	 0.0	-0.02286492	0.00000000	0.98357156	 0.0
486	54.86	7.75110422	 0.0	-0.02455425	0.00000000	0.97396153	 0.0
487	54.87	7.75157320	 0.0	-0.02621506	0.00000000	0.96752508	 0.0
488	54.88	7.75194852	 0.0	-0.02784411	0.00000000	0.96424038	 0.0
489	54.89	7.75223072	 0.0	-0.02943825	0.00000000	0.96407486	 0.0
490	54.90	7.75242035	 0.0	-0.03099446	0.00000000	0.96698910	 0.0
491	54.91	7.75251805	 0.0	-0.03250987	0.00000000	0.97293712	 0.0
492	54.92	7.75252454	 0.0	-0.03398169	0.00000000	0.98186536	 0.0
493	54.93	7.75244077	 0.0	-0.03540728	0.00000000	0.99371662	 0.0
494	54.94	7.75226798	 0.0	-0.03678412	0.00000000	1.00842892	 0.0
495	54.95	7.75200750	 0.0	-0.03810981	0.00000000	1.02593583	 0.0
496	54.96	7.75166062	 0.0	-0.03938201	0.00000000	1.04616675	 0.0
497	54.97	7.75122867	 0.0	-0.04059849	0.00000000	1.06904884	 0.0
498	54.98	7.75071333	 0.0	-0.04175714	0.00000000	1.09450812	 0.0
499	54.99	7.75011646	 0.0	-0.04285595	0.00000000	1.12246483	 0.0
500	55.00	7.74944015	 0.0	-0.04389303	0.00000000	1.15283457	 0.0
501	55.01	7.74868663	 0.0	-0.04486654	0.00000000	1.18552760	 0.0
502	55.02	7.74785831	 0.0	-0.04577484	0.00000000	1.22045136	 0.0
503	55.03	7.74695794	 0.0	-0.04661649	0.00000000	1.25750196	 0.0
504	55.04	7.74598859	 0.0	-0.04739013	0.00000000	1.29657986	 0.0
505	55.05	7.74495361	 0.0	-0.04809446	0.00000000	1.33758439	 0.0
506	55.06	7.74385659	 0.0	-0.04872848	0.00000000	1.38040409	 0.0
507	55.07	7.74270127	 0.0	-0.04929130	0.00000000	1.42492656	 0.0
508	55.08	7.74149161	 0.0	-0.04978227	0.00000000	1.47103610	 0.0
509	55.09	7.74023174	 0.0	-0.05020083	0.00000000	1.51862178	 0.0
510	55.10	7.73892595	 0.0	-0.05054662	0.00000000	1.56756987	 0.0
511	55.11	7.73757866	 0.0	-0.05081947	0.00000000	1.61776297	 0.0
512	55.12	7.73619452	 0.0	-0.05101944	0.00000000	1.66907965	 0.0
513	55.13	7.73477827	 0.0	-0.05114679	0.00000000	1.72139470	 0.0
514	55.14	7.73333454	 0.0	-0.05120194	0.00000000	1.77458294	 0.0
515	55.15	7.73186805	 0.0	-0.05118544	0.00000000	1.82851746	 0.0
516	55.16	7.73038369	 0.0	-0.05109801	0.00000000	1.88306901	 0.0
517	55.17	7.72888651	 0.0	-0.05094052	0.00000000	1.93810590	 0.0
518	55.18	7.72738149	 0.0	-0.05071399	0.00000000	1.99349638	 0.0
519	55.19	7.72587344	 0.0	-0.05041949	0.00000000	2.04910994	 0.0
520	55.20	7.72436717	 0.0	-0.05005818	0.00000000	2.10481243	 0.0
521	55.21	7.72286734	 0.0	-0.04963119	0.00000000	2.16046161	 0.0
522	55.22	7.72137856	 0.0	-0.04913980	0.00000000	2.21591524	 0.0
523	55.23	7.71990538	 0.0	-0.04858540	0.00000000	2.27103613	 0.0
524	55.24	7.71845226	 0.0	-0.04796954	0.00000000	2.32569362	 0.0
525	55.25	7.71702355	 0.0	-0.04729382	0.00000000	2.37976012	 0.0
526	55.26	7.71562336	 0.0	-0.04655997	0.00000000	2.43310922	 0.0
527	55.27	7.71425558	 0.0	-0.04576980	0.00000000	2.48561841	 0.0
528	55.28	7.71292381	 0.0	-0.04492512	0.00000000	2.53716972	 0.0
529	55.29	7.71163141	 0.0	-0.04402783	0.00000000	2.58765113	 0.0
530	55.30	7.71038156	 0.0	-0.04307988	0.00000000	2.63695737	 0.0
531	55.31	7.70917722	 0.0	-0.04208337	0.00000000	2.68499512	 0.0
532	55.32	7.70802114	 0.0	-0.04104056	0.00000000	2.73168093	 0.0
533	55.33	7.70691586	 0.0	-0.03995376	0.00000000	2.77693790	 0.0
534	55.34	7.70586363	 0.0	-0.03882533	0.00000000	2.82069598	 0.0
535	55.35	7.70486651	 0.0	-0.03765778	0.00000000	2.86289166	 0.0
536	55.36	7.70392633	 0.0	-0.03645365	0.00000000	2.90346793	 0.0
537	55.37	7.70304480	 0.0	-0.03521553	0.00000000	2.94237354	 0.0
538	55.38	7.70222347	 0.0	-0.03394609	0.00000000	2.97956195	 0.0
539	55.39	7.70146372	 0.0	-0.03264801	0.00000000	3.01498842	 0.0
540	55.40	7.70076682	 0.0	-0.03132403	0.00000000	3.04861131	 0.0
541	55.41	7.70013389	 0.0	-0.02997688	0.00000000	3.08038886	 0.0
542	55.42	7.69956590	 0.0	-0.02860932	0.00000000	3.11028064	 0.0
543	55.43	7.69906366	 0.0	-0.02722412	0.00000000	3.13824645	 0.0
544	55.44	7.69862784	 0.0	-0.02582405	0.00000000	3.16424514	 0.0
545	55.45	7.69825899	 0.0	-0.02441186	0.00000000	3.18823638	 0.0
546	55.46	7.69795751	 0.0	-0.02299028	0.00000000	3.21018170	 0.0
547	55.47	7.69772367	 0.0	-0.02156204	0.00000000	3.23004628	 0.0
548	55.48	7.69755754	 0.0	-0.02012986	0.00000000	3.24779732	 0.0
549	55.49	7.69745904	 0.0	-0.01869646	0.00000000	3.26340454	 0.0
550	55.50	7.69742797	 0.0	-0.01726457	0.00000000	3.27684397	 0.0
551	55.51	7.69746394	 0.0	-0.01583690	0.00000000	3.28809731	 0.0
552	55.52	7.69756650	 0.0	-0.01441617	0.00000000	3.29715355	 0.0
553	55.53	7.69773503	 0.0	-0.01300506	0.00000000	3.30400881	 0.0
554	55.54	7.69796887	 0.0	-0.01160622	0.00000000	3.30866577	 0.0
555	55.55	7.69826728	 0.0	-0.01022231	0.00000000	3.31113567	 0.0
556	55.56	7.69862939	 0.0	-0.00885592	0.00000000	3.31143678	 0.0
557	55.57	7.69905422	 0.0	-0.00750961	0.00000000	3.30959033	 0.0
558	55.58	7.69954073	 0.0	-0.00618588	0.00000000	3.30562375	 0.0
559	55.59	7.70008775	 0.0	-0.00488716	0.00000000	3.29956984	 0.0
560	55.60	7.70069403	 0.0	-0.00361586	0.00000000	3.29146550	 0.0
561	55.61	7.70135833	 0.0	-0.00237427	0.00000000	3.28135543	 0.0
562	55.62	7.70207940	 0.0	-0.00116462	0.00000000	3.26928752	 0.0
563	55.63	7.70285600	 0.0	0.00001092	0.00000000	3.25531175	 0.0
564	55.64	7.70368676	 0.0	0.00115027	0.00000000	3.23948198	 0.0
565	55.65	7.70457019	 0.0	0.00225143	0.00000000	3.22185489	 0.0
566	55.66	7.70550474	 0.0	0.00331248	0.00000000	3.20248850	 0.0
567	55.67	7.70648879	 0.0	0.00433159	0.00000000	3.18144375	 0.0
568	55.68	7.70752073	 0.0	0.00530707	0.00000000	3.15878450	 0.0
569	55.69	7.70859890	 0.0	0.00623729	0.00000000	3.13457448	 0.0
570	55.70	7.70972157	 0.0	0.00712068	0.00000000	3.10887751	 0.0
571	55.71	7.71088695	 0.0	0.00795579	0.00000000	3.08175821	 0.0
572	55.72	7.71209321	 0.0	0.00874123	0.00000000	3.05327823	 0.0
573	55.73	7.71333849	 0.0	0.00947569	0.00000000	3.02349946	 0.0
574	55.74	7.71462093	 0.0	0.01015794	0.00000000	2.99248847	 0.0
575	55.75	7.71593866	 0.0	0.01078684	0.00000000	2.96031551	 0.0
576	55.76	7.71728984	 0.0	0.01136134	0.00000000	2.92705485	 0.0
577	55.77	7.71867262	 0.0	0.01188053	0.00000000	2.89278794	 0.0
578	55.78	7.72008516	 0.0	0.01234361	0.00000000	2.85759914	 0.0
579	55.79	7.72152560	 0.0	0.01274990	0.00000000	2.82157244	 0.0
580	55.80	7.72299201	 0.0	0.01309887	0.00000000	2.78478930	 0.0
581	55.81	7.72448243	 0.0	0.01339024	0.00000000	2.74732149	 0.0
582	55.82	7.72599503	 0.0	0.01362348	0.00000000	2.70926038	 0.0
583	55.83	7.72752793	 0.0	0.01379824	0.00000000	2.67069197	 0.0
584	55.84	7.72907911	 0.0	0.01391441	0.00000000	2.63168646	 0.0
585	55.85	7.73064651	 0.0	0.01397207	0.00000000	2.59231246	 0.0
586	55.86	7.73222807	 0.0	0.01397138	0.00000000	2.55264596	 0.0
587	55.87	7.73382172	 0.0	0.01391255	0.00000000	2.51276910	 0.0
588	55.88	7.73542536	 0.0	0.01379595	0.00000000	2.47276068	 0.0
589	55.89	7.73703684	 0.0	0.01362207	0.00000000	2.43269507	 0.0
590	55.90	7.73865403	 0.0	0.01339148	0.00000000	2.39264656	 0.0
591	55.91	7.74027477	 0.0	0.01310480	0.00000000	2.35269148	 0.0
592	55.92	7.74189684	 0.0	0.01276276	0.00000000	2.31290195	 0.0
593	55.93	7.74351794	 0.0	0.01236622	0.00000000	2.27334950	 0.0
594	55.94	7.74513568	 0.0	0.01191614	0.00000000	2.23410491	 0.0
595	55.95	7.74674773	 0.0	0.01141357	0.00000000	2.19523971	 0.0
596	55.96	7.74835175	 0.0	0.01085971	0.00000000	2.15682137	 0.0
597	55.97	7.74994541	 0.0	0.01025587	0.00000000	2.11891220	 0.0
598	55.98	7.75152635	 0.0	0.00960343	0.00000000	2.08157296	 0.0
599	55.99	7.75309226	 0.0	0.00890384	0.00000000	2.04486200	 0.0
600	56.00	7.75464074	 0.0	0.00815891	0.00000000	2.00881390	 0.0
601	56.01	7.75616956	 0.0	0.00737029	0.00000000	1.97347251	 0.0
602	56.02	7.75767671	 0.0	0.00653927	0.00000000	1.93891939	 0.0
603	56.03	7.75916013	 0.0	0.00566754	0.00000000	1.90520802	 0.0
604	56.04	7.76061765	 0.0	0.00475704	0.00000000	1.87236748	 0.0
605	56.05	7.76204711	 0.0	0.00380973	0.00000000	1.84042427	 0.0
606	56.06	7.76344651	 0.0	0.00282745	0.00000000	1.80941283	 0.0
607	56.07	7.76481390	 0.0	0.00181212	0.00000000	1.77936900	 0.0
608	56.08	7.76614740	 0.0	0.00076574	0.00000000	1.75031994	 0.0
609	56.09	7.76744519	 0.0	-0.00030960	0.00000000	1.72228740	 0.0
610	56.10	7.76870550	 0.0	-0.00141182	0.00000000	1.69529285	 0.0
611	56.11	7.76992663	 0.0	-0.00253881	0.00000000	1.66935634	 0.0
612	56.12	7.77110693	 0.0	-0.00368843	0.00000000	1.64449483	 0.0
613	56.13	7.77224483	 0.0	-0.00485851	0.00000000	1.62072116	 0.0
614	56.14	7.77333885	 0.0	-0.00604685	0.00000000	1.59804747	 0.0
615	56.15	7.77438758	 0.0	-0.00725124	0.00000000	1.57648371	 0.0
616	56.16	7.77538969	 0.0	-0.00846945	0.00000000	1.55603806	 0.0
617	56.17	7.77634390	 0.0	-0.00969925	0.00000000	1.53671854	 0.0
618	56.18	7.77724905	 0.0	-0.01093839	0.00000000	1.51853486	 0.0
619	56.19	7.77810405	 0.0	-0.01218462	0.00000000	1.50149922	 0.0
620	56.20	7.77890794	 0.0	-0.01343570	0.00000000	1.48562524	 0.0
621	56.21	7.77965978	 0.0	-0.01468940	0.00000000	1.47092612	 0.0
622	56.22	7.78035872	 0.0	-0.01594350	0.00000000	1.45741350	 0.0
623	56.23	7.78100400	 0.0	-0.01719580	0.00000000	1.44509811	 0.0
624	56.24	7.78159491	 0.0	-0.01844411	0.00000000	1.43399022	 0.0
625	56.25	7.78213081	 0.0	-0.01968627	0.00000000	1.42409868	 0.0
626	56.26	7.78261117	 0.0	-0.02092012	0.00000000	1.41543070	 0.0
627	56.27	7.78303558	 0.0	-0.02214354	0.00000000	1.40799293	 0.0
628	56.28	7.78340372	 0.0	-0.02335442	0.00000000	1.40179172	 0.0
629	56.29	7.78371538	 0.0	-0.02455070	0.00000000	1.39683298	 0.0
630	56.30	7.78397041	 0.0	-0.02573036	0.00000000	1.39312147	 0.0
631	56.31	7.78416878	 0.0	-0.02689140	0.00000000	1.39066098	 0.0
632	56.32	7.78431053	 0.0	-0.02803186	0.00000000	1.38945386	 0.0
633	56.33	7.78439584	 0.0	-0.02914985	0.00000000	1.38949991	 0.0
634	56.34	7.78442496	 0.0	-0.03024353	0.00000000	1.39079712	 0.0
635	56.35	7.78439825	 0.0	-0.03131111	0.00000000	1.39334206	 0.0
636	56.36	7.78431618	 0.0	-0.03235091	0.00000000	1.39713076	 0.0
637	56.37	7.78417934	 0.0	-0.03336129	0.00000000	1.40215809	 0.0
638	56.38	7.78398851	 0.0	-0.03434070	0.00000000	1.40841914	 0.0
639	56.39	7.78374454	 0.0	-0.03528766	0.00000000	1.41590880	 0.0
640	56.40	7.78344827	 0.0	-0.03620076	0.00000000	1.42462340	 0.0
641	56.41	7.78310074	 0.0	-0.03707865	0.00000000	1.43455744	 0.0
642	56.42	7.78270323	 0.0	-0.03792008	0.00000000	1.44570231	 0.0
643	56.43	7.78225710	 0.0	-0.03872383	0.00000000	1.45804670	 0.0
644	56.44	7.78176380	 0.0	-0.03948877	0.00000000	1.47157664	 0.0
645	56.45	7.78122494	 0.0	-0.04021385	0.00000000	1.48627505	 0.0
646	56.46	7.78064220	 0.0	-0.04089808	0.00000000	1.50212216	 0.0
647	56.47	7.78001737	 0.0	-0.04154056	0.00000000	1.51909562	 0.0
648	56.48	7.77935234	 0.0	-0.04214045	0.00000000	1.53717047	 0.0
649	56.49	7.77864911	 0.0	-0.04269703	0.00000000	1.55631876	 0.0
650	56.50	7.77790970	 0.0	-0.04320967	0.00000000	1.57651207	 0.0
651	56.51	7.77713626	 0.0	-0.04367776	0.00000000	1.59772146	 0.0
652	56.52	7.77633096	 0.0	-0.04410083	0.00000000	1.61991498	 0.0
653	56.53	7.77549603	 0.0	-0.04447849	0.00000000	1.64305817	 0.0
654	56.54	7.77463372	 0.0	-0.04481044	0.00000000	1.66711194	 0.0
655	56.55	7.77374630	 0.0	-0.04509648	0.00000000	1.69203717	 0.0
656	56.56	7.77283602	 0.0	-0.04533646	0.00000000	1.71779303	 0.0
657	56.57	7.77190524	 0.0	-0.04553045	0.00000000	1.74433287	 0.0
658	56.58	7.77095627	 0.0	-0.04567854	0.00000000	1.77161102	 0.0
659	56.59	7.76999146	 0.0	-0.04578089	0.00000000	1.79958332	 0.0
660	56.60	7.76901317	 0.0	-0.04583773	0.00000000	1.82821161	 0.0
661	56.61	7.76802376	 0.0	-0.04584937	0.00000000	1.85745533	 0.0
662	56.62	7.76702555	 0.0	-0.04581624	0.00000000	1.88727208	 0.0
663	56.63	7.76602084	 0.0	-0.04573880	0.00000000	1.91761699	 0.0
664	56.64	7.76501189	 0.0	-0.04561760	0.00000000	1.94844233	 0.0
665	56.65	7.76400091	 0.0	-0.04545325	0.00000000	1.97969832	 0.0
666	56.66	7.76299006	 0.0	-0.04524640	0.00000000	2.01133329	 0.0
667	56.67	7.76198148	 0.0	-0.04499771	0.00000000	2.04329277	 0.0
668	56.68	7.76097721	 0.0	-0.04470790	0.00000000	2.07551901	 0.0
669	56.69	7.75997930	 0.0	-0.04437774	0.00000000	2.10795252	 0.0
670	56.70	7.75898973	 0.0	-0.04400811	0.00000000	2.14053627	 0.0
671	56.71	7.75801042	 0.0	-0.04359999	0.00000000	2.17321393	 0.0
672	56.72	7.75704323	 0.0	-0.04315442	0.00000000	2.20592840	 0.0
673	56.73	7.75608992	 0.0	-0.04267244	0.00000000	2.23862269	 0.0
674	56.74	7.75515220	 0.0	-0.04215518	0.00000000	2.27124023	 0.0
675	56.75	7.75423170	 0.0	-0.04160379	0.00000000	2.30372558	 0.0
676	56.76	7.75332997	 0.0	-0.04101949	0.00000000	2.33602435	 0.0
677	56.77	7.75244846	 0.0	-0.04040353	0.00000000	2.36808281	 0.0
678	56.78	7.75158863	 0.0	-0.03975717	0.00000000	2.39984662	 0.0
679	56.79	7.75075183	 0.0	-0.03908173	0.00000000	2.43126288	 0.0
680	56.80	7.74993925	 0.0	-0.03837858	0.00000000	2.46228099	 0.0
681	56.81	7.74915199	 0.0	-0.03764912	0.00000000	2.49285201	 0.0
682	56.82	7.74839107	 0.0	-0.03689477	0.00000000	2.52292896	 0.0
683	56.83	7.74765744	 0.0	-0.03611698	0.00000000	2.55246663	 0.0
684	56.84	7.74695190	 0.0	-0.03531721	0.00000000	2.58142230	 0.0
685	56.85	7.74627519	 0.0	-0.03449697	0.00000000	2.60975403	 0.0
686	56.86	7.74562798	 0.0	-0.03365778	0.00000000	2.63742151	 0.0
687	56.87	7.74501084	 0.0	-0.03280118	0.00000000	2.66438605	 0.0
688	56.88	7.74442428	 0.0	-0.03192874	0.00000000	2.69061091	 0.0
689	56.89	7.74386873	 0.0	-0.03104202	0.00000000	2.71606068	 0.0
690	56.90	7.74334455	 0.0	-0.03014259	0.00000000	2.74070124	 0.0
691	56.91	7.74285203	 0.0	-0.02923206	0.00000000	2.76450068	 0.0
692	56.92	7.74239142	 0.0	-0.02831202	0.00000000	2.78742930	 0.0
693	56.93	7.74196288	 0.0	-0.02738408	0.00000000	2.80945958	 0.0
694	56.94	7.74156656	 0.0	-0.02644986	0.00000000	2.83056619	 0.0
695	56.95	7.74120254	 0.0	-0.02551096	0.00000000	2.85072628	 0.0
696	56.96	7.74087085	 0.0	-0.02456900	0.00000000	2.86991913	 0.0
697	56.97	7.74057149	 0.0	-0.02362560	0.00000000	2.88812523	 0.0
698	56.98	7.74030440	 0.0	-0.02268234	0.00000000	2.90532741	 0.0
699	56.99	7.74006945	 0.0	-0.02174081	0.00000000	2.92151014	 0.0
700	57.00	7.73986650	 0.0	-0.02080260	0.00000000	2.93665915	 0.0
701	57.01	7.73969535	 0.0	-0.01986926	0.00000000	2.95076111	 0.0
702	57.02	7.73955575	 0.0	-0.01894235	0.00000000	2.96380551	 0.0
703	57.03	7.73944746	 0.0	-0.01802339	0.00000000	2.97578494	 0.0
704	57.04	7.73937020	 0.0	-0.01711391	0.00000000	2.98669659	 0.0
705	57.05	7.73932367	 0.0	-0.01621539	0.00000000	2.99654231	 0.0
706	57.06	7.73930754	 0.0	-0.01532931	0.00000000	3.00532836	 0.0
707	57.07	7.73932145	 0.0	-0.01445709	0.00000000	3.01306495	 0.0
708	57.08	7.73936506	 0.0	-0.01360013	0.00000000	3.01976291	 0.0
709	57.09	7.73943799	 0.0	-0.01275979	0.00000000	3.02543387	 0.0
710	57.10	7.73953982	 0.0	-0.01193741	0.00000000	3.03009226	 0.0
711	57.11	7.73967010	 0.0	-0.01113426	0.00000000	3.03375525	 0.0
712	57.12	7.73982836	 0.0	-0.01035160	0.00000000	3.03644154	 0.0
713	57.13	7.74001413	 0.0	-0.00959058	0.00000000	3.03817117	 0.0
714	57.14	7.74022688	 0.0	-0.00885235	0.00000000	3.03896559	 0.0
715	57.15	7.74046611	 0.0	-0.00813798	0.00000000	3.03884706	 0.0
716	57.16	7.74073126	 0.0	-0.00744849	0.00000000	3.03783830	 0.0
717	57.17	7.74102174	 0.0	-0.00678485	0.00000000	3.03596066	 0.0
718	57.18	7.74133700	 0.0	-0.00614795	0.00000000	3.03324115	 0.0
719	57.19	7.74167646	 0.0	-0.00553860	0.00000000	3.02970858	 0.0
720	57.20	7.74203951	 0.0	-0.00495758	0.00000000	3.02539148	 0.0
721	57.21	7.74242547	 0.0	-0.00440559	0.00000000	3.02031919	 0.0
722	57.22	7.74283367	 0.0	-0.00388331	0.00000000	3.01452323	 0.0
723	57.23	7.74326340	 0.0	-0.00339134	0.00000000	3.00803550	 0.0
724	57.24	7.74371392	 0.0	-0.00293024	0.00000000	3.00088996	 0.0
725	57.25	7.74418446	 0.0	-0.00250051	0.00000000	2.99312122	 0.0
726	57.26	7.74467421	 0.0	-0.00210259	0.00000000	2.98476453	 0.0
727	57.27	7.74518233	 0.0	-0.00173689	0.00000000	2.97585538	 0.0
728	57.28	7.74570798	 0.0	-0.00140373	0.00000000	2.96643030	 0.0
729	57.29	7.74625025	 0.0	-0.00110338	0.00000000	2.95652556	 0.0
730	57.30	7.74680824	 0.0	-0.00083605	0.00000000	2.94617596	 0.0
731	57.31	7.74738099	 0.0	-0.00060190	0.00000000	2.93541709	 0.0
732	57.32	7.74796751	 0.0	-0.00040098	0.00000000	2.92428526	 0.0
733	57.33	7.74856678	 0.0	-0.00023332	0.00000000	2.91281718	 0.0
734	57.34	7.74917778	 0.0	-0.00009885	0.00000000	2.90104785	 0.0
735	57.35	7.74979942	 0.0	0.00000251	0.00000000	2.88901067	 0.0
736	57.36	7.75043067	 0.0	0.00007094	0.00000000	2.87673857	 0.0
737	57.37	7.75107041	 0.0	0.00010677	0.00000000	2.86425829	 0.0
738	57.38	7.75171747	 0.0	0.00011031	0.00000000	2.85159547	 0.0
739	57.39	7.75237073	 0.0	0.00008179	0.00000000	2.83879056	 0.0
740	57.40	7.75302900	 0.0	0.00002155	0.00000000	2.82587921	 0.0
741	57.41	7.75369104	 0.0	-0.00006991	0.00000000	2.81289081	 0.0
742	57.42	7.75435560	 0.0	-0.00019205	0.00000000	2.79985341	 0.0
743	57.43	7.75502139	 0.0	-0.00034439	0.00000000	2.78679782	 0.0
744	57.44	7.75568715	 0.0	-0.00052642	0.00000000	2.77375708	 0.0
745	57.45	7.75635157	 0.0	-0.00073756	0.00000000	2.76075961	 0.0
746	57.46	7.75701333	 0.0	-0.00097712	0.00000000	2.74783139	 0.0
747	57.47	7.75767111	 0.0	-0.00124437	0.00000000	2.73500169	 0.0
748	57.48	7.75832364	 0.0	-0.00153856	0.00000000	2.72230342	 0.0
749	57.49	7.75896963	 0.0	-0.00185890	0.00000000	2.70976981	 0.0
750	57.50	7.75960778	 0.0	-0.00220457	0.00000000	2.69743288	 0.0
751	57.51	7.76023677	 0.0	-0.00257468	0.00000000	2.68532276	 0.0
752	57.52	7.76085530	 0.0	-0.00296833	0.00000000	2.67346781	 0.0
753	57.53	7.76146210	 0.0	-0.00338456	0.00000000	2.66189425	 0.0
754	57.54	7.76205588	 0.0	-0.00382239	0.00000000	2.65062649	 0.0
755	57.55	7.76263538	 0.0	-0.00428080	0.00000000	2.63968707	 0.0
756	57.56	7.76319937	 0.0	-0.00475878	0.00000000	2.62909790	 0.0
757	57.57	7.76374666	 0.0	-0.00525525	0.00000000	2.61887848	 0.0
758	57.58	7.76427608	 0.0	-0.00576918	0.00000000	2.60904650	 0.0
759	57.59	7.76478652	 0.0	-0.00629948	0.00000000	2.59961865	 0.0
760	57.60	7.76527689	 0.0	-0.00684503	0.00000000	2.59061169	 0.0
761	57.61	7.76574616	 0.0	-0.00740472	0.00000000	2.58204162	 0.0
762	57.62	7.76619334	 0.0	-0.00797740	0.00000000	2.57392349	 0.0
763	57.63	7.76661747	 0.0	-0.00856192	0.00000000	2.56627158	 0.0
764	57.64	7.76701766	 0.0	-0.00915713	0.00000000	2.55909921	 0.0
765	57.65	7.76739303	 0.0	-0.00976186	0.00000000	2.55241890	 0.0
766	57.66	7.76774282	 0.0	-0.01037492	0.00000000	2.54624242	 0.0
767	57.67	7.76806627	 0.0	-0.01099515	0.00000000	2.54058111	 0.0
768	57.68	7.76836272	 0.0	-0.01162135	0.00000000	2.53544616	 0.0
769	57.69	7.76863156	 0.0	-0.01225234	0.00000000	2.53084825	 0.0
770	57.70	7.76887225	 0.0	-0.01288695	0.00000000	2.52679722	 0.0
771	57.71	7.76908431	 0.0	-0.01352399	0.00000000	2.52330202	 0.0
772	57.72	7.76926734	 0.0	-0.01416232	0.00000000	2.52037062	 0.0
773	57.73	7.76942101	 0.0	-0.01480077	0.00000000	2.51801033	 0.0
774	57.74	7.76954507	 0.0	-0.01543821	0.00000000	2.51622793	 0.0
775	57.75	7.76963931	 0.0	-0.01607349	0.00000000	2.51503012	 0.0
776	57.76	7.76970362	 0.0	-0.01670550	0.00000000	2.51442345	 0.0
777	57.77	7.76973796	 0.0	-0.01733312	0.00000000	2.51441330	 0.0
778	57.78	7.76974232	 0.0	-0.01795528	0.00000000	2.51500326	 0.0
779	57.79	7.76971679	 0.0	-0.01857091	0.00000000	2.51619582	 0.0
780	57.80	7.76966148	 0.0	-0.01917897	0.00000000	2.51799280	 0.0
781	57.81	7.76957661	 0.0	-0.01977845	0.00000000	2.52039545	 0.0
782	57.82	7.76946245	 0.0	-0.02036835	0.00000000	2.52340243	 0.0
783	57.83	7.76931931	 0.0	-0.02094772	0.00000000	2.52701022	 0.0
784	57.84	7.76914755	 0.0	-0.02151561	0.00000000	2.53121402	 0.0
785	57.85	7.76894757	 0.0	-0.02207114	0.00000000	2.53600625	 0.0
786	57.86	7.76871981	 0.0	-0.02261343	0.00000000	2.54137692	 0.0
787	57.87	7.76846478	 0.0	-0.02314167	0.00000000	2.54731520	 0.0
788	57.88	7.76818308	 0.0	-0.02365508	0.00000000	2.55381120	 0.0
789	57.89	7.76787535	 0.0	-0.02415292	0.00000000	2.56085844	 0.0
790	57.90	7.76754234	 0.0	-0.02463451	0.00000000	2.56845248	 0.0
791	57.91	7.76718482	 0.0	-0.02509922	0.00000000	2.57658934	 0.0
792	57.92	7.76680363	 0.0	-0.02554644	0.00000000	2.58526364	 0.0
793	57.93	7.76639961	 0.0	-0.02597564	0.00000000	2.59446832	 0.0
794	57.94	7.76597365	 0.0	-0.02638629	0.00000000	2.60419428	 0.0
795	57.95	7.76552665	 0.0	-0.02677792	0.00000000	2.61443108	 0.0
796	57.96	7.76505958	 0.0	-0.02715006	0.00000000	2.62516961	 0.0
797	57.97	7.76457340	 0.0	-0.02750228	0.00000000	2.63639775	 0.0
798	57.98	7.76406909	 0.0	-0.02783420	0.00000000	2.64810039	 0.0
799	57.99	7.76354766	 0.0	-0.02814550	0.00000000	2.66025947	 0.0
800	58.00	7.76301009	 0.0	-0.02843588	0.00000000	2.67285661	 0.0
801	58.01	7.76245739	 0.0	-0.02870508	0.00000000	2.68587257	 0.0
802	58.02	7.76189058	 0.0	-0.02895287	0.00000000	2.69928663	 0.0
803	58.03	7.76131068	 0.0	-0.02917906	0.00000000	2.71307865	 0.0
804	58.04	7.76071873	 0.0	-0.02938351	0.00000000	2.72722712	 0.0
805	58.05	7.76011575	 0.0	-0.02956611	0.00000000	2.74170873	 0.0
806	58.06	7.75950274	 0.0	-0.02972683	0.00000000	2.75649970	 0.0
807	58.07	7.75888072	 0.0	-0.02986563	0.00000000	2.77157568	 0.0
808	58.08	7.75825068	 0.0	-0.02998255	0.00000000	2.78691194	 0.0
809	58.09	7.75761358	 0.0	-0.03007768	0.00000000	2.80248285	 0.0
810	58.10	7.75697041	 0.0	-0.03015116	0.00000000	2.81826327	 0.0
811	58.11	7.75632211	 0.0	-0.03020314	0.00000000	2.83422769	 0.0
812	58.12	7.75566966	 0.0	-0.03023380	0.00000000	2.85035394	 0.0
813	58.13	7.75501398	 0.0	-0.03024337	0.00000000	2.86661811	 0.0
814	58.14	7.75435597	 0.0	-0.03023212	0.00000000	2.88299481	 0.0
815	58.15	7.75369651	 0.0	-0.03020033	0.00000000	2.89945688	 0.0
816	58.16	7.75303645	 0.0	-0.03014832	0.00000000	2.91597667	 0.0
817	58.17	7.75237663	 0.0	-0.03007643	0.00000000	2.93252601	 0.0
818	58.18	7.75171788	 0.0	-0.02998502	0.00000000	2.94907689	 0.0
819	58.19	7.75106102	 0.0	-0.02987450	0.00000000	2.96560161	 0.0
820	58.20	7.75040685	 0.0	-0.02974529	0.00000000	2.98207325	 0.0
821	58.21	7.74975614	 0.0	-0.02959787	0.00000000	2.99846539	 0.0
822	58.22	7.74910966	 0.0	-0.02943276	0.00000000	3.01475144	 0.0
823	58.23	7.74846809	 0.0	-0.02925050	0.00000000	3.03090375	 0.0
824	58.24	7.74783213	 0.0	-0.02905170	0.00000000	3.04689445	 0.0
825	58.25	7.74720244	 0.0	-0.02883696	0.00000000	3.06269574	 0.0
826	58.26	7.74657966	 0.0	-0.02860693	0.00000000	3.07828054	 0.0
827	58.27	7.74596441	 0.0	-0.02836226	0.00000000	3.09362228	 0.0
828	58.28	7.74535727	 0.0	-0.02810363	0.00000000	3.10869634	 0.0
829	58.29	7.74475883	 0.0	-0.02783174	0.00000000	3.12348111	 0.0
830	58.30	7.74416970	 0.0	-0.02754732	0.00000000	3.13795839	 0.0
831	58.31	7.74359047	 0.0	-0.02725112	0.00000000	3.15211350	 0.0
832	58.32	7.74302171	 0.0	-0.02694389	0.00000000	3.16593379	 0.0
833	58.33	7.74246397	 0.0	-0.02662642	0.00000000	3.17940715	 0.0
834	58.34	7.74191776	 0.0	-0.02629952	0.00000000	3.19252198	 0.0
835	58.35	7.74138354	 0.0	-0.02596399	0.00000000	3.20526755	 0.0
836	58.36	7.74086177	 0.0	-0.02562064	0.00000000	3.21763427	 0.0
837	58.37	7.74035287	 0.0	-0.02527029	0.00000000	3.22961310	 0.0
838	58.38	7.73985722	 0.0	-0.02491376	0.00000000	3.24119520	 0.0
839	58.39	7.73937521	 0.0	-0.02455187	0.00000000	3.25237272	 0.0
840	58.40	7.73890714	 0.0	-0.02418545	0.00000000	3.26313821	 0.0
841	58.41	7.73845334	 0.0	-0.02381534	0.00000000	3.27348428	 0.0
842	58.42	7.73801408	 0.0	-0.02344236	0.00000000	3.28340383	 0.0
843	58.43	7.73758962	 0.0	-0.02306735	0.00000000	3.29289062	 0.0
844	58.44	7.73718020	 0.0	-0.02269113	0.00000000	3.30193991	 0.0
845	58.45	7.73678603	 0.0	-0.02231451	0.00000000	3.31054839	 0.0
846	58.46	7.73640732	 0.0	-0.02193832	0.00000000	3.31871374	 0.0
847	58.47	7.73604424	 0.0	-0.02156333	0.00000000	3.32643389	 0.0
848	58.48	7.73569694	 0.0	-0.02119035	0.00000000	3.33370713	 0.0
849	58.49	7.73536551	 0.0	-0.02082015	0.00000000	3.34053253	 0.0
850	58.50	7.73505006	 0.0	-0.02045350	0.00000000	3.34691003	 0.0
851	58.51	7.73475063	 0.0	-0.02009116	0.00000000	3.35284063	 0.0
852	58.52	7.73446725	 0.0	-0.01973387	0.00000000	3.35832629	 0.0
853	58.53	7.73419995	 0.0	-0.01938232	0.00000000	3.36337055	 0.0
854	58.54	7.73394869	 0.0	-0.01903722	0.00000000	3.36797808	 0.0
855	58.55	7.73371345	 0.0	-0.01869925	0.00000000	3.37215471	 0.0
856	58.56	7.73349417	 0.0	-0.01836903	0.00000000	3.37590790	 0.0
857	58.57	7.73329074	 0.0	-0.01804721	0.00000000	3.37924563	 0.0
858	58.58	7.73310302	 0.0	-0.01773437	0.00000000	3.38217659	 0.0
859	58.59	7.73293088	 0.0	-0.01743106	0.00000000	3.38471009	 0.0
860	58.60	7.73277413	 0.0	-0.01713783	0.00000000	3.38685529	 0.0
861	58.61	7.73263259	 0.0	-0.01685517	0.00000000	3.38862171	 0.0
862	58.62	7.73250603	 0.0	-0.01658351	0.00000000	3.39001988	 0.0
863	58.63	7.73239420	 0.0	-0.01632328	0.00000000	3.39106069	 0.0
864	58.64	7.73229683	 0.0	-0.01607486	0.00000000	3.39175393	 0.0
865	58.65	7.73221361	 0.0	-0.01583859	0.00000000	3.39210840	 0.0
866	58.66	7.73214419	 0.0	-0.01561479	0.00000000	3.39213243	 0.0
867	58.67	7.73208819	 0.0	-0.01540374	0.00000000	3.39183340	 0.0
868	58.68	7.73204520	 0.0	-0.01520572	0.00000000	3.39121831	 0.0
869	58.69	7.73201480	 0.0	-0.01502093	0.00000000	3.39029558	 0.0
870	58.70	7.73199655	 0.0	-0.01484957	0.00000000	3.38907633	 0.0
871	58.71	7.73199003	 0.0	-0.01469181	0.00000000	3.38757606	 0.0
872	58.72	7.73199480	 0.0	-0.01454778	0.00000000	3.38581300	 0.0
873	58.73	7.73201042	 0.0	-0.01441760	0.00000000	3.38380637	 0.0
874	58.74	7.73203644	 0.0	-0.01430136	0.00000000	3.38157490	 0.0
875	58.75	7.73207237	 0.0	-0.01419911	0.00000000	3.37913667	 0.0
876	58.76	7.73211767	 0.0	-0.01411087	0.00000000	3.37650896	 0.0
877	58.77	7.73217184	 0.0	-0.01403663	0.00000000	3.37370862	 0.0
878	58.78	7.73223435	 0.0	-0.01397635	0.00000000	3.37075189	 0.0
879	58.79	7.73230463	 0.0	-0.01392996	0.00000000	3.36765450	 0.0
880	58.80	7.73238214	 0.0	-0.01389735	0.00000000	3.36443164	 0.0
881	58.81	7.73246627	 0.0	-0.01387839	0.00000000	3.36109743	 0.0
882	58.82	7.73255644	 0.0	-0.01387292	0.00000000	3.35766500	 0.0
883	58.83	7.73265202	 0.0	-0.01388077	0.00000000	3.35414654	 0.0
884	58.84	7.73275240	 0.0	-0.01390173	0.00000000	3.35055358	 0.0
885	58.85	7.73285695	 0.0	-0.01393559	0.00000000	3.34689732	 0.0
886	58.86	7.73296504	 0.0	-0.01398209	0.00000000	3.34318983	 0.0
887	58.87	7.73307603	 0.0	-0.01404100	0.00000000	3.33944406	 0.0
888	58.88	7.73318925	 0.0	-0.01411202	0.00000000	3.33567272	 0.0
889	58.89	7.73330404	 0.0	-0.01419487	0.00000000	3.33188738	 0.0
890	58.90	7.73341975	 0.0	-0.01428921	0.00000000	3.32809992	 0.0
891	58.91	7.73353574	 0.0	-0.01439469	0.00000000	3.32432205	 0.0
892	58.92	7.73365136	 0.0	-0.01451096	0.00000000	3.32056603	 0.0
893	58.93	7.73376598	 0.0	-0.01463762	0.00000000	3.31684403	 0.0
894	58.94	7.73387896	 0.0	-0.01477427	0.00000000	3.31316807	 0.0
895	58.95	7.73398966	 0.0	-0.01492051	0.00000000	3.30954985	 0.0
896	58.96	7.73409747	 0.0	-0.01507591	0.00000000	3.30600072	 0.0
897	58.97	7.73420176	 0.0	-0.01524001	0.00000000	3.30253202	 0.0
898	58.98	7.73430194	 0.0	-0.01541236	0.00000000	3.29915551	 0.0
899	58.99	7.73439739	 0.0	-0.01559247	0.00000000	3.29588221	 0.0
900	59.00	7.73448753	 0.0	-0.01577988	0.00000000	3.29272266	 0.0
901	59.01	7.73457178	 0.0	-0.01597407	0.00000000	3.28968732	 0.0
902	59.02	7.73464957	 0.0	-0.01617454	0.00000000	3.28678613	 0.0
903	59.03	7.73472034	 0.0	-0.01638078	0.00000000	3.28402859	 0.0
904	59.04	7.73478359	 0.0	-0.01659225	0.00000000	3.28142306	 0.0
905	59.05	7.73483878	 0.0	-0.01680844	0.00000000	3.27897666	 0.0
906	59.06	7.73488542	 0.0	-0.01702881	0.00000000	3.27669578	 0.0
907	59.07	7.73492304	 0.0	-0.01725281	0.00000000	3.27458549	 0.0
908	59.08	7.73495117	 0.0	-0.01747992	0.00000000	3.27264995	 0.0
909	59.09	7.73496935	 0.0	-0.01770959	0.00000000	3.27089233	 0.0
910	59.10	7.73497716	 0.0	-0.01794127	0.00000000	3.26931728	 0.0
911	59.11	7.73497421	 0.0	-0.01817442	0.00000000	3.26793301	 0.0
912	59.12	7.73496019	 0.0	-0.01840850	0.00000000	3.26675097	 0.0
913	59.13	7.73493480	 0.0	-0.01864297	0.00000000	3.26578423	 0.0
914	59.14	7.73489779	 0.0	-0.01887728	0.00000000	3.26504511	 0.0
915	59.15	7.73484892	 0.0	-0.01911092	0.00000000	3.26454457	 0.0
916	59.16	7.73478796	 0.0	-0.01934335	0.00000000	3.26429234	 0.0
917	59.17	7.73471471	 0.0	-0.01957405	0.00000000	3.26429670	 0.0
918	59.18	7.73462901	 0.0	-0.01980250	0.00000000	3.26456490	 0.0
919	59.19	7.73453071	 0.0	-0.02002819	0.00000000	3.26510299	 0.0
920	59.20	7.73441969	 0.0	-0.02025061	0.00000000	3.26591628	 0.0
921	59.21	7.73429586	 0.0	-0.02046928	0.00000000	3.26700899	 0.0
922	59.22	7.73415917	 0.0	-0.02068371	0.00000000	3.26838470	 0.0
923	59.23	7.73400959	 0.0	-0.02089343	0.00000000	3.27004580	 0.0
924	59.24	7.73384712	 0.0	-0.02109797	0.00000000	3.27199387	 0.0
925	59.25	7.73367180	 0.0	-0.02129690	0.00000000	3.27422991	 0.0
926	59.26	7.73348368	 0.0	-0.02148980	0.00000000	3.27675412	 0.0
927	59.27	7.73328285	 0.0	-0.02167623	0.00000000	3.27956632	 0.0
928	59.28	7.73306944	 0.0	-0.02185580	0.00000000	3.28266554	 0.0
929	59.29	7.73284358	 0.0	-0.02202813	0.00000000	3.28605062	 0.0
930	59.30	7.73260545	 0.0	-0.02219287	0.00000000	3.28972023	 0.0
931	59.31	7.73235525	 0.0	-0.02234965	0.00000000	3.29367304	 0.0
932	59.32	7.73209319	 0.0	-0.02249817	0.00000000	3.29790722	 0.0
933	59.33	7.73181952	 0.0	-0.02263812	0.00000000	3.30242069	 0.0
934	59.34	7.73153450	 0.0	-0.02276920	0.00000000	3.30721070	 0.0
935	59.35	7.73123843	 0.0	-0.02289115	0.00000000	3.31227359	 0.0
936	59.36	7.73093159	 0.0	-0.02300371	0.00000000	3.31760522	 0.0
937	59.37	7.73061433	 0.0	-0.02310666	0.00000000	3.32320145	 0.0
938	59.38	7.73028697	 0.0	-0.02319976	0.00000000	3.32905796	 0.0
939	59.39	7.72994986	 0.0	-0.02328281	0.00000000	3.33516924	 0.0
940	59.40	7.72960336	 0.0	-0.02335564	0.00000000	3.34152827	 0.0
941	59.41	7.72924783	 0.0	-0.02341810	0.00000000	3.34812792	 0.0
942	59.42	7.72888364	 0.0	-0.02347003	0.00000000	3.35496029	 0.0
943	59.43	7.72851117	 0.0	-0.02351131	0.00000000	3.36201690	 0.0
944	59.44	7.72813080	 0.0	-0.02354185	0.00000000	3.36928767	 0.0
945	59.45	7.72774290	 0.0	-0.02356158	0.00000000	3.37676057	 0.0
946	59.46	7.72734787	 0.0	-0.02357045	0.00000000	3.38442262	 0.0
947	59.47	7.72694609	 0.0	-0.02356844	0.00000000	3.39225913	 0.0
948	59.48	7.72653794	 0.0	-0.02355554	0.00000000	3.40025436	 0.0
949	59.49	7.72612380	 0.0	-0.02353179	0.00000000	3.40839318	 0.0
950	59.50	7.72570407	 0.0	-0.02349721	0.00000000	3.41666311	 0.0
951	59.51	7.72527918	 0.0	-0.02345186	0.00000000	3.42505539	 0.0
952	59.52	7.72484960	 0.0	-0.02339582	0.00000000	3.43356452	 0.0
953	59.53	7.72441578	 0.0	-0.02332918	0.00000000	3.44218527	 0.0
954	59.54	7.72397819	 0.0	-0.02325208	0.00000000	3.45091044	 0.0
955	59.55	7.72353725	 0.0	-0.02316466	0.00000000	3.45973198	 0.0
956	59.56	7.72309342	 0.0	-0.02306712	0.00000000	3.46864081	 0.0
957	59.57	7.72264712	 0.0	-0.02295964	0.00000000	3.47762707	 0.0
958	59.58	7.72219878	 0.0	-0.02284247	0.00000000	3.48667996	 0.0
959	59.59	7.72174884	 0.0	-0.02271585	0.00000000	3.49578851	 0.0
960	59.60	7.72129774	 0.0	-0.02258004	0.00000000	3.50494102	 0.0
961	59.61	7.72084591	 0.0	-0.02243531	0.00000000	3.51412973	 0.0
962	59.62	7.72039378	 0.0	-0.02228197	0.00000000	3.52334353	 0.0
963	59.63	7.71994175	 0.0	-0.02212036	0.00000000	3.53257022	 0.0
964	59.64	7.71949022	 0.0	-0.02195085	0.00000000	3.54179632	 0.0
965	59.65	7.71903957	 0.0	-0.02177382	0.00000000	3.55100797	 0.0
966	59.66	7.71859018	 0.0	-0.02158967	0.00000000	3.56019268	 0.0
967	59.67	7.71814247	 0.0	-0.02139879	0.00000000	3.56933992	 0.0
968	59.68	7.71769685	 0.0	-0.02120161	0.00000000	3.57844146	 0.0
969	59.69	7.71725375	 0.0	-0.02099853	0.00000000	3.58749015	 0.0
970	59.70	7.71681358	 0.0	-0.02079000	0.00000000	3.59647889	 0.0
971	59.71	7.71637675	 0.0	-0.02057649	0.00000000	3.60539913	 0.0
972	59.72	7.71594360	 0.0	-0.02035848	0.00000000	3.61424011	 0.0
973	59.73	7.71551451	 0.0	-0.02013648	0.00000000	3.62298936	 0.0
974	59.74	7.71508981	 0.0	-0.01991099	0.00000000	3.63163452	 0.0
975	59.75	7.71466988	 0.0	-0.01968252	0.00000000	3.64016548	 0.0
976	59.76	7.71425511	 0.0	-0.01945158	0.00000000	3.64857484	 0.0
977	59.77	7.71384587	 0.0	-0.01921866	0.00000000	3.65685734	 0.0
978	59.78	7.71344255	 0.0	-0.01898429	0.00000000	3.66500804	 0.0
979	59.79	7.71304551	 0.0	-0.01874900	0.00000000	3.67302074	 0.0
980	59.80	7.71265508	 0.0	-0.01851332	0.00000000	3.68088816	 0.0
981	59.81	7.71227156	 0.0	-0.01827779	0.00000000	3.68860284	 0.0
982	59.82	7.71189527	 0.0	-0.01804296	0.00000000	3.69615804	 0.0
983	59.83	7.71152651	 0.0	-0.01780934	0.00000000	3.70354757	 0.0
984	59.84	7.71116557	 0.0	-0.01757746	0.00000000	3.71076583	 0.0
985	59.85	7.71081273	 0.0	-0.01734781	0.00000000	3.71780745	 0.0
986	59.86	7.71046825	 0.0	-0.01712091	0.00000000	3.72466581	 0.0
987	59.87	7.71013236	 0.0	-0.01689725	0.00000000	3.73133267	 0.0
988	59.88	7.70980526	 0.0	-0.01667735	0.00000000	3.73779921	 0.0
989	59.89	7.70948714	 0.0	-0.01646170	0.00000000	3.74405867	 0.0
990	59.90	7.70917821	 0.0	-0.01625079	0.00000000	3.75010895	 0.0
991	59.91	7.70887869	 0.0	-0.01604509	0.00000000	3.75595288	 0.0
992	59.92	7.70858881	 0.0	-0.01584506	0.00000000	3.76159588	 0.0
993	59.93	7.70830875	 0.0	-0.01565112	0.00000000	3.76704314	 0.0
994	59.94	7.70803870	 0.0	-0.01546369	0.00000000	3.77229896	 0.0
995	59.95	7.70777879	 0.0	-0.01528317	0.00000000	3.77736640	 0.0
996	59.96	7.70752912	 0.0	-0.01510993	0.00000000	3.78224689	 0.0
997	59.97	7.70728978	 0.0	-0.01494432	0.00000000	3.78694078	 0.0
998	59.98	7.70706083	 0.0	-0.01478669	0.00000000	3.79144867	 0.0
999	59.99	7.70684232	 0.0	-0.01463735	0.00000000	3.79577156	 0.0
1000	60.00	7.70663428	 0.0	-0.01449658	0.00000000	3.79991083	 0.0
